,0,1,2,3,4,5,6,7,8,9,10,11,12,13,14,15,16,17,18,19,20,21,22,23,24,25,26,27,28,29,30,31,32,33
0,0.453634649515152,0.33800381422042847,0.48838159441947937,0.28611674904823303,0.4122626483440399,0.28985315561294556,0.5262368321418762,0.37027353048324585,0.35255178809165955,0.38595935702323914,0.6184059381484985,0.7060445547103882,0.26026105880737305,0.7690568566322327,0.8090245127677917,0.957946240901947,0.0,0.0,0.617405354976654,0.6939746141433716,0.0,0.0,0.0,0.0,0.0,0.0,0.0,0.0,0.0,0.0,0.0,0.0,0.0,0.0
1,0.4543716311454773,0.33235159516334534,0.4887394905090332,0.2833295166492462,0.4136752188205719,0.2869662046432495,0.5243983268737793,0.3692871928215027,0.35236304998397827,0.3849698305130005,0.6097851395606995,0.6845218539237976,0.26211974024772644,0.7638588547706604,0.8068151473999023,0.949880063533783,0.0,0.0,0.619121253490448,0.6762183904647827,0.0,0.0,0.0,0.0,0.0,0.0,0.0,0.0,0.0,0.0,0.0,0.0,0.0,0.0
2,0.4552331268787384,0.32467153668403625,0.48834535479545593,0.2807278633117676,0.41443967819213867,0.2843261659145355,0.5233541131019592,0.3724907636642456,0.3525429666042328,0.38806450366973877,0.6116846203804016,0.6950277090072632,0.26034197211265564,0.7686219811439514,0.8066408038139343,0.95003741979599,0.0,0.0,0.6217228770256042,0.6554982662200928,0.0,0.0,0.0,0.0,0.0,0.0,0.0,0.0,0.0,0.0,0.0,0.0,0.0,0.0
3,0.4567819833755493,0.32007572054862976,0.48755285143852234,0.27750271558761597,0.41580918431282043,0.28019121289253235,0.5197375416755676,0.3685542643070221,0.35139286518096924,0.38399767875671387,0.607315182685852,0.6819295287132263,0.26174476742744446,0.7555819749832153,0.7961155772209167,0.9126837849617004,0.0,0.0,0.6277806162834167,0.6421896815299988,0.0,0.0,0.0,0.0,0.0,0.0,0.0,0.0,0.0,0.0,0.0,0.0,0.0,0.0
4,0.45737677812576294,0.31714147329330444,0.48741626739501953,0.2760043740272522,0.4156944453716278,0.2777281105518341,0.5185166001319885,0.367240309715271,0.3496031165122986,0.38221922516822815,0.6060568690299988,0.6759528517723083,0.2651086449623108,0.7509905099868774,0.8010604977607727,0.9007006287574768,0.0,0.0,0.6289504766464233,0.6247978806495667,0.0,0.0,0.0,0.0,0.0,0.0,0.0,0.0,0.0,0.0,0.0,0.0,0.0,0.0
5,0.45885786414146423,0.31500306725502014,0.48772281408309937,0.27488651871681213,0.416429728269577,0.27632981538772583,0.5174922943115234,0.36258476972579956,0.3487330377101898,0.37773871421813965,0.6073443293571472,0.6833392381668091,0.26257580518722534,0.7554386258125305,0.8012834787368774,0.8886117339134216,0.0,0.0,0.6309455633163452,0.6081896424293518,0.0,0.0,0.0,0.0,0.0,0.0,0.0,0.0,0.0,0.0,0.0,0.0,0.0,0.0
6,0.45899516344070435,0.31423401832580566,0.4874841868877411,0.2734963893890381,0.4170340597629547,0.27405601739883423,0.5162835717201233,0.3586776852607727,0.34874382615089417,0.37218520045280457,0.6059290170669556,0.6821048259735107,0.26414862275123596,0.7548812031745911,0.8083834052085876,0.8738086223602295,0.0,0.0,0.6293417811393738,0.5834817290306091,0.0,0.0,0.0,0.0,0.0,0.0,0.0,0.0,0.0,0.0,0.0,0.0,0.0,0.0
7,0.45885202288627625,0.3114440143108368,0.4871496558189392,0.2734200954437256,0.41668301820755005,0.2733057141304016,0.5165611505508423,0.3596872091293335,0.34845051169395447,0.3713947832584381,0.6111663579940796,0.7019278407096863,0.2604703903198242,0.765700101852417,0.8145067095756531,0.8690480589866638,0.0,0.0,0.6398969888687134,0.5623350739479065,0.0,0.0,0.0,0.0,0.0,0.0,0.0,0.0,0.0,0.0,0.0,0.0,0.0,0.0
8,0.4587394893169403,0.3079988360404968,0.4872457683086395,0.27170929312705994,0.41575586795806885,0.2718144357204437,0.5177508592605591,0.36280784010887146,0.3475033640861511,0.37549981474876404,0.6128553152084351,0.7042821049690247,0.25914764404296875,0.7724116444587708,0.81744784116745,0.8470006585121155,0.0,0.0,0.639509379863739,0.5384072065353394,0.0,0.0,0.0,0.0,0.0,0.0,0.0,0.0,0.0,0.0,0.0,0.0,0.0,0.0
9,0.45785829424858093,0.3046456277370453,0.4868374764919281,0.2685965895652771,0.414217084646225,0.2705615758895874,0.5194107294082642,0.35925424098968506,0.34701842069625854,0.37572920322418213,0.6203022003173828,0.7066271305084229,0.25780779123306274,0.7785297632217407,0.8255780935287476,0.8368001580238342,0.0,0.0,0.6433386206626892,0.5189271569252014,0.0,0.0,0.0,0.0,0.0,0.0,0.0,0.0,0.0,0.0,0.0,0.0,0.0,0.0
10,0.4590829014778137,0.3005647361278534,0.4860195219516754,0.26100653409957886,0.41364672780036926,0.26836085319519043,0.5188418030738831,0.3444594442844391,0.3470599055290222,0.37397944927215576,0.6264781951904297,0.7044014930725098,0.25899404287338257,0.7804882526397705,0.828356921672821,0.8296405076980591,0.0,0.0,0.6409627795219421,0.5055186748504639,0.0,0.0,0.0,0.0,0.0,0.0,0.0,0.0,0.0,0.0,0.0,0.0,0.0,0.0
11,0.4590529799461365,0.2950948178768158,0.48601236939430237,0.25473013520240784,0.4118247330188751,0.26665639877319336,0.5216800570487976,0.3336348831653595,0.34744197130203247,0.37384653091430664,0.6295153498649597,0.7032253742218018,0.2618085741996765,0.7839248776435852,0.8324678540229797,0.8233907222747803,0.0,0.0,0.6395137310028076,0.5011410713195801,0.0,0.0,0.0,0.0,0.0,0.0,0.0,0.0,0.0,0.0,0.0,0.0,0.0,0.0
12,0.45824798941612244,0.2908719480037689,0.4846554100513458,0.24943694472312927,0.41067105531692505,0.265188604593277,0.5212491750717163,0.32632413506507874,0.34770363569259644,0.37443721294403076,0.6292605996131897,0.6970962285995483,0.26212695240974426,0.7801955938339233,0.8325924277305603,0.8174890875816345,0.0,0.0,0.6385717988014221,0.4780024290084839,0.0,0.0,0.0,0.0,0.0,0.0,0.0,0.0,0.0,0.0,0.0,0.0,0.0,0.0
13,0.4574975371360779,0.28419196605682373,0.48249951004981995,0.24692951142787933,0.4104617238044739,0.26175206899642944,0.5164961218833923,0.3300888240337372,0.34746694564819336,0.3776584565639496,0.6197711229324341,0.6859089136123657,0.2606390416622162,0.786222517490387,0.8303293585777283,0.7800042033195496,0.0,0.0,0.6361078023910522,0.46059826016426086,0.0,0.0,0.0,0.0,0.0,0.0,0.0,0.0,0.0,0.0,0.0,0.0,0.0,0.0
14,0.45775899291038513,0.2758427858352661,0.4806305766105652,0.24185121059417725,0.4104161560535431,0.25545766949653625,0.5116581916809082,0.3288782238960266,0.3464283049106598,0.376321017742157,0.6176199316978455,0.6833399534225464,0.2608272135257721,0.788547158241272,0.8290331363677979,0.7524560689926147,0.0,0.0,0.6315246224403381,0.43883252143859863,0.0,0.0,0.0,0.0,0.0,0.0,0.0,0.0,0.0,0.0,0.0,0.0,0.0,0.0
15,0.45746710896492004,0.27716201543807983,0.48027947545051575,0.2437806874513626,0.41042396426200867,0.2550506591796875,0.5097742080688477,0.3294636607170105,0.34434932470321655,0.3729488253593445,0.6184326410293579,0.6743128895759583,0.2588551938533783,0.7849921584129333,0.8324134945869446,0.7407621741294861,0.0,0.0,0.6284593343734741,0.42736586928367615,0.0,0.0,0.0,0.0,0.0,0.0,0.0,0.0,0.0,0.0,0.0,0.0,0.0,0.0
16,0.45729783177375793,0.2842313349246979,0.479522705078125,0.2488584965467453,0.41027602553367615,0.25797146558761597,0.5075623393058777,0.32987263798713684,0.3430559039115906,0.37006258964538574,0.6175693273544312,0.671891987323761,0.25835269689559937,0.7935419678688049,0.8306244015693665,0.7084189653396606,0.0,0.0,0.6257697939872742,0.4155230224132538,0.0,0.0,0.0,0.0,0.0,0.0,0.0,0.0,0.0,0.0,0.0,0.0,0.0,0.0
17,0.4572126567363739,0.28827980160713196,0.47907668352127075,0.24860568344593048,0.40960007905960083,0.2598372995853424,0.5093367695808411,0.32645899057388306,0.342890202999115,0.36898890137672424,0.6319798827171326,0.6818927526473999,0.2567383646965027,0.7831841111183167,0.8214365839958191,0.7496187686920166,0.0,0.0,0.6325267553329468,0.39950504899024963,0.0,0.0,0.0,0.0,0.0,0.0,0.0,0.0,0.0,0.0,0.0,0.0,0.0,0.0
18,0.45695576071739197,0.2868986427783966,0.4794714152812958,0.24979858100414276,0.4092172682285309,0.2604048252105713,0.5091230273246765,0.3283701539039612,0.3429744839668274,0.3717813193798065,0.6190410852432251,0.6698905229568481,0.2585966885089874,0.788378894329071,0.8197749853134155,0.6978665590286255,0.0,0.0,0.6164963245391846,0.3946690857410431,0.0,0.0,0.0,0.0,0.0,0.0,0.0,0.0,0.0,0.0,0.0,0.0,0.0,0.0
19,0.45518285036087036,0.27484217286109924,0.4763699471950531,0.24435289204120636,0.40812626481056213,0.2543271481990814,0.5043943524360657,0.33102884888648987,0.3432897925376892,0.37431785464286804,0.6152320504188538,0.6642062664031982,0.25845643877983093,0.7854280471801758,0.8161157369613647,0.6895631551742554,0.0,0.0,0.615480363368988,0.3857579827308655,0.0,0.0,0.0,0.0,0.0,0.0,0.0,0.0,0.0,0.0,0.0,0.0,0.0,0.0
20,0.45226725935935974,0.26877376437187195,0.472028911113739,0.24296405911445618,0.4061533808708191,0.25089171528816223,0.49781736731529236,0.3341889977455139,0.3412226140499115,0.37433844804763794,0.6131414771080017,0.6620892882347107,0.25690922141075134,0.783356785774231,0.8168048858642578,0.6769472360610962,0.0,0.0,0.6147077679634094,0.37557628750801086,0.0,0.0,0.0,0.0,0.0,0.0,0.0,0.0,0.0,0.0,0.0,0.0,0.0,0.0
21,0.44879066944122314,0.27161264419555664,0.46809881925582886,0.24570392072200775,0.4042591154575348,0.2532181739807129,0.4934331774711609,0.3343721032142639,0.34097281098365784,0.3727039694786072,0.6083857417106628,0.6630809903144836,0.25633424520492554,0.7831471562385559,0.8146643042564392,0.6747885942459106,0.0,0.0,0.6141595840454102,0.36488375067710876,0.0,0.0,0.0,0.0,0.0,0.0,0.0,0.0,0.0,0.0,0.0,0.0,0.0,0.0
22,0.44975998997688293,0.2658604085445404,0.46935150027275085,0.24176618456840515,0.40472251176834106,0.24986761808395386,0.49525269865989685,0.33460649847984314,0.34170037508010864,0.3748425841331482,0.6101064682006836,0.6601796746253967,0.2550446093082428,0.7851341962814331,0.8145954012870789,0.6557530164718628,0.0,0.0,0.6091736555099487,0.35215166211128235,0.0,0.0,0.0,0.0,0.0,0.0,0.0,0.0,0.0,0.0,0.0,0.0,0.0,0.0
23,0.4480525255203247,0.2630991041660309,0.46881037950515747,0.23940438032150269,0.4021531939506531,0.2502814531326294,0.497978150844574,0.3368737995624542,0.34193262457847595,0.3825446367263794,0.6123300790786743,0.6614774465560913,0.25484973192214966,0.7866012454032898,0.8112924695014954,0.6541129350662231,0.0,0.0,0.6083335876464844,0.3454829156398773,0.0,0.0,0.0,0.0,0.0,0.0,0.0,0.0,0.0,0.0,0.0,0.0,0.0,0.0
24,0.4468880891799927,0.25973260402679443,0.46705228090286255,0.2378382682800293,0.40122321248054504,0.2488250732421875,0.495450496673584,0.3358806371688843,0.3410664200782776,0.3818962275981903,0.6126882433891296,0.6600421667098999,0.25386834144592285,0.7849336862564087,0.810766875743866,0.6608741879463196,0.0,0.0,0.609437882900238,0.3454766273498535,0.0,0.0,0.0,0.0,0.0,0.0,0.0,0.0,0.0,0.0,0.0,0.0,0.0,0.0
25,0.4463362991809845,0.2609752118587494,0.4667418599128723,0.23780085146427155,0.40072187781333923,0.24901710450649261,0.4958200752735138,0.334157258272171,0.3409092128276825,0.38028082251548767,0.6141778826713562,0.660187304019928,0.2544980049133301,0.786137044429779,0.8107075095176697,0.6602139472961426,0.0,0.0,0.6103066205978394,0.3430006504058838,0.0,0.0,0.0,0.0,0.0,0.0,0.0,0.0,0.0,0.0,0.0,0.0,0.0,0.0
26,0.4476453959941864,0.25328394770622253,0.4677797257900238,0.23444028198719025,0.40152761340141296,0.2443152517080307,0.4959850311279297,0.3391481041908264,0.340850293636322,0.3838730752468109,0.6130121350288391,0.6560856103897095,0.25438806414604187,0.7852864861488342,0.8078261017799377,0.6459705233573914,0.0,0.0,0.6086795926094055,0.3392327129840851,0.0,0.0,0.0,0.0,0.0,0.0,0.0,0.0,0.0,0.0,0.0,0.0,0.0,0.0
27,0.44378700852394104,0.25217321515083313,0.46207955479621887,0.23504036664962769,0.3991597890853882,0.24407729506492615,0.48788195848464966,0.33965691924095154,0.34015876054763794,0.3827889561653137,0.6102434992790222,0.656396210193634,0.2532847821712494,0.780571699142456,0.8063976764678955,0.6504355669021606,0.0,0.0,0.6075836420059204,0.3374556601047516,0.0,0.0,0.0,0.0,0.0,0.0,0.0,0.0,0.0,0.0,0.0,0.0,0.0,0.0
28,0.4456197917461395,0.25024059414863586,0.4639963209629059,0.23239848017692566,0.3999583125114441,0.24242553114891052,0.49009180068969727,0.33718517422676086,0.33984383940696716,0.3828473687171936,0.6099314093589783,0.6543424129486084,0.25442996621131897,0.7805296182632446,0.8029674291610718,0.6487997174263,0.0,0.0,0.6067056655883789,0.33692246675491333,0.0,0.0,0.0,0.0,0.0,0.0,0.0,0.0,0.0,0.0,0.0,0.0,0.0,0.0
29,0.4447552561759949,0.2521403133869171,0.46242791414260864,0.22832709550857544,0.3989773690700531,0.2400204986333847,0.4894470274448395,0.32796710729599,0.3386112451553345,0.3759419322013855,0.6214981079101562,0.6596171259880066,0.2555006444454193,0.7812149524688721,0.8105202317237854,0.659302294254303,0.0,0.0,0.6234058141708374,0.3085528016090393,0.0,0.0,0.0,0.0,0.0,0.0,0.0,0.0,0.0,0.0,0.0,0.0,0.0,0.0
30,0.44273146986961365,0.25443005561828613,0.4606263339519501,0.22949859499931335,0.3975083529949188,0.24278801679611206,0.48851245641708374,0.32607507705688477,0.3390933871269226,0.3767573833465576,0.6206567287445068,0.6563382148742676,0.2558012008666992,0.7814646363258362,0.8109645843505859,0.6540281176567078,0.0,0.0,0.6254461407661438,0.30666401982307434,0.0,0.0,0.0,0.0,0.0,0.0,0.0,0.0,0.0,0.0,0.0,0.0,0.0,0.0
31,0.43977460265159607,0.25910457968711853,0.4590168297290802,0.2340383380651474,0.3957338333129883,0.24606667459011078,0.488605797290802,0.33011212944984436,0.3392295837402344,0.3768123984336853,0.6240043044090271,0.656773567199707,0.25408807396888733,0.7823274731636047,0.81427401304245,0.6532374620437622,0.0,0.0,0.6245933771133423,0.30425241589546204,0.0,0.0,0.0,0.0,0.0,0.0,0.0,0.0,0.0,0.0,0.0,0.0,0.0,0.0
32,0.4395250380039215,0.2571693956851959,0.45860227942466736,0.2334485799074173,0.3949769139289856,0.2457953542470932,0.4882345199584961,0.33186203241348267,0.3379708230495453,0.379607230424881,0.6236637234687805,0.6566011905670166,0.25337719917297363,0.7815039753913879,0.8138300776481628,0.6509677171707153,0.0,0.0,0.6254084706306458,0.3040838837623596,0.0,0.0,0.0,0.0,0.0,0.0,0.0,0.0,0.0,0.0,0.0,0.0,0.0,0.0
33,0.4398753345012665,0.2550179362297058,0.4580621123313904,0.2323642373085022,0.39535680413246155,0.2439125031232834,0.4861004948616028,0.33177450299263,0.3376753628253937,0.37874454259872437,0.6233518719673157,0.6559153199195862,0.25279584527015686,0.7820637822151184,0.8131874799728394,0.6475001573562622,0.0,0.0,0.6261463165283203,0.2994893491268158,0.0,0.0,0.0,0.0,0.0,0.0,0.0,0.0,0.0,0.0,0.0,0.0,0.0,0.0
34,0.43799275159835815,0.2519649267196655,0.45612624287605286,0.23019912838935852,0.3939134478569031,0.24241960048675537,0.48442041873931885,0.33179280161857605,0.3379463255405426,0.38017308712005615,0.6232320666313171,0.654117226600647,0.25200411677360535,0.7819115519523621,0.8142167925834656,0.6444804668426514,0.0,0.0,0.6263922452926636,0.2970307767391205,0.0,0.0,0.0,0.0,0.0,0.0,0.0,0.0,0.0,0.0,0.0,0.0,0.0,0.0
35,0.43784627318382263,0.24921704828739166,0.4557759165763855,0.22811202704906464,0.393325537443161,0.24216076731681824,0.4849737286567688,0.33155009150505066,0.3384644389152527,0.384033203125,0.6237297058105469,0.6526584029197693,0.2522081434726715,0.7801332473754883,0.8112823367118835,0.6424093842506409,0.0,0.0,0.6279873251914978,0.29746755957603455,0.0,0.0,0.0,0.0,0.0,0.0,0.0,0.0,0.0,0.0,0.0,0.0,0.0,0.0
36,0.43802961707115173,0.2504531443119049,0.4556194245815277,0.22917400300502777,0.39383465051651,0.24219399690628052,0.4838190972805023,0.330520898103714,0.3382796049118042,0.3811177611351013,0.623439610004425,0.6503528356552124,0.2526301145553589,0.7817909121513367,0.8158275485038757,0.6370293498039246,0.0,0.0,0.6289966702461243,0.2953397333621979,0.0,0.0,0.0,0.0,0.0,0.0,0.0,0.0,0.0,0.0,0.0,0.0,0.0,0.0
37,0.4379468262195587,0.2508886754512787,0.4554482698440552,0.22981363534927368,0.3937263786792755,0.2423183023929596,0.4834068715572357,0.3313044309616089,0.3379238247871399,0.380926251411438,0.623475968837738,0.6525889039039612,0.2517511248588562,0.7825273275375366,0.8128643035888672,0.6358862519264221,0.0,0.0,0.6282671093940735,0.2905058264732361,0.0,0.0,0.0,0.0,0.0,0.0,0.0,0.0,0.0,0.0,0.0,0.0,0.0,0.0
38,0.4375462830066681,0.2504327893257141,0.4554731547832489,0.22868293523788452,0.39315733313560486,0.24231146275997162,0.48463174700737,0.32946881651878357,0.33821728825569153,0.38133612275123596,0.6243154406547546,0.6495446562767029,0.2524171769618988,0.7827106714248657,0.8120971918106079,0.6288818717002869,0.0,0.0,0.625340461730957,0.2915971279144287,0.0,0.0,0.0,0.0,0.0,0.0,0.0,0.0,0.0,0.0,0.0,0.0,0.0,0.0
39,0.43764936923980713,0.24468354880809784,0.4548240005970001,0.22555884718894958,0.3934030532836914,0.23895034193992615,0.48309001326560974,0.3304578959941864,0.3386191427707672,0.3822692930698395,0.6228531002998352,0.648829460144043,0.2523738443851471,0.7826064229011536,0.8088112473487854,0.6250430941581726,0.0,0.0,0.6253169775009155,0.2909621000289917,0.0,0.0,0.0,0.0,0.0,0.0,0.0,0.0,0.0,0.0,0.0,0.0,0.0,0.0
40,0.43799591064453125,0.24496012926101685,0.45613083243370056,0.22603273391723633,0.39320358633995056,0.2394661009311676,0.48579874634742737,0.33241772651672363,0.33818769454956055,0.38412272930145264,0.6261295676231384,0.6486937403678894,0.25253668427467346,0.7804461121559143,0.8089946508407593,0.632071852684021,0.0,0.0,0.6229204535484314,0.2932482659816742,0.0,0.0,0.0,0.0,0.0,0.0,0.0,0.0,0.0,0.0,0.0,0.0,0.0,0.0
41,0.43844911456108093,0.248044952750206,0.45664533972740173,0.22802522778511047,0.39351603388786316,0.2410050630569458,0.4858431816101074,0.3321976959705353,0.33753710985183716,0.3830345571041107,0.6251024007797241,0.648193895816803,0.25278615951538086,0.7820932865142822,0.809312641620636,0.6288799047470093,0.0,0.0,0.6227104663848877,0.29254743456840515,0.0,0.0,0.0,0.0,0.0,0.0,0.0,0.0,0.0,0.0,0.0,0.0,0.0,0.0
42,0.43944042921066284,0.2461179941892624,0.45821207761764526,0.22897127270698547,0.3944299817085266,0.2399509847164154,0.48765528202056885,0.33817052841186523,0.3377342224121094,0.38491907715797424,0.6256609559059143,0.6484062075614929,0.2534448504447937,0.7806075811386108,0.8064092993736267,0.6263341307640076,0.0,0.0,0.6195327043533325,0.29207170009613037,0.0,0.0,0.0,0.0,0.0,0.0,0.0,0.0,0.0,0.0,0.0,0.0,0.0,0.0
43,0.4378606081008911,0.24439522624015808,0.45796146988868713,0.2280239462852478,0.39330023527145386,0.23847857117652893,0.48868268728256226,0.34027066826820374,0.3375563621520996,0.3847526013851166,0.6260734796524048,0.6513214111328125,0.25179004669189453,0.7800527215003967,0.808362603187561,0.6322927474975586,0.0,0.0,0.6227369904518127,0.2921639382839203,0.0,0.0,0.0,0.0,0.0,0.0,0.0,0.0,0.0,0.0,0.0,0.0,0.0,0.0
44,0.4388492703437805,0.24600762128829956,0.4578877389431,0.22855454683303833,0.3940938413143158,0.2384355366230011,0.4868374764919281,0.3383660614490509,0.33720192313194275,0.38244307041168213,0.6264094114303589,0.6524392366409302,0.252053827047348,0.7784642577171326,0.8102438449859619,0.6364132761955261,0.0,0.0,0.624324381351471,0.2927328944206238,0.0,0.0,0.0,0.0,0.0,0.0,0.0,0.0,0.0,0.0,0.0,0.0,0.0,0.0
45,0.43737363815307617,0.2503105103969574,0.4576706290245056,0.23270949721336365,0.3929947018623352,0.24164946377277374,0.4880790114402771,0.34328749775886536,0.33742231130599976,0.384750097990036,0.6271207928657532,0.6550754904747009,0.25126200914382935,0.778905987739563,0.8106167316436768,0.6313344836235046,0.0,0.0,0.624031126499176,0.2907623052597046,0.0,0.0,0.0,0.0,0.0,0.0,0.0,0.0,0.0,0.0,0.0,0.0,0.0,0.0
46,0.43660300970077515,0.2484908252954483,0.4564610421657562,0.23095571994781494,0.39259806275367737,0.24013742804527283,0.4862351417541504,0.3415645360946655,0.33754295110702515,0.3834737241268158,0.6245489716529846,0.6554713249206543,0.2513849139213562,0.7788523435592651,0.8070604205131531,0.6303821802139282,0.0,0.0,0.621116042137146,0.2893635630607605,0.0,0.0,0.0,0.0,0.0,0.0,0.0,0.0,0.0,0.0,0.0,0.0,0.0,0.0
47,0.4350450932979584,0.24946732819080353,0.455249160528183,0.23155823349952698,0.39157336950302124,0.2407819926738739,0.48546189069747925,0.34183579683303833,0.33757466077804565,0.38335010409355164,0.6243912577629089,0.6547664999961853,0.25097304582595825,0.7788965702056885,0.8068504333496094,0.6311959028244019,0.0,0.0,0.6210252642631531,0.2884197235107422,0.0,0.0,0.0,0.0,0.0,0.0,0.0,0.0,0.0,0.0,0.0,0.0,0.0,0.0
48,0.4365352690219879,0.25020354986190796,0.45694607496261597,0.23356705904006958,0.3931189775466919,0.2412571907043457,0.4868665039539337,0.34556081891059875,0.337717741727829,0.38372284173965454,0.6257699728012085,0.6572267413139343,0.24995365738868713,0.7803417444229126,0.8085916638374329,0.6340974569320679,0.0,0.0,0.6240299940109253,0.2883942425251007,0.0,0.0,0.0,0.0,0.0,0.0,0.0,0.0,0.0,0.0,0.0,0.0,0.0,0.0
49,0.4369604289531708,0.2493567019701004,0.4563186764717102,0.2348736673593521,0.39376384019851685,0.24121418595314026,0.48442620038986206,0.34923455119132996,0.3377428948879242,0.3852783143520355,0.6234834790229797,0.6591399312019348,0.2503492832183838,0.7803381085395813,0.806462287902832,0.6325452923774719,0.0,0.0,0.6250233054161072,0.28845757246017456,0.0,0.0,0.0,0.0,0.0,0.0,0.0,0.0,0.0,0.0,0.0,0.0,0.0,0.0
50,0.43891021609306335,0.25267213582992554,0.4581194818019867,0.23873434960842133,0.39601367712020874,0.24193257093429565,0.4846423268318176,0.35238969326019287,0.3377005457878113,0.3819866478443146,0.6229180693626404,0.6600436568260193,0.2508097290992737,0.7787450551986694,0.8070995211601257,0.6334316730499268,0.0,0.0,0.6252163052558899,0.2892441153526306,0.0,0.0,0.0,0.0,0.0,0.0,0.0,0.0,0.0,0.0,0.0,0.0,0.0,0.0
51,0.43900030851364136,0.25400978326797485,0.458072304725647,0.23821040987968445,0.3957604169845581,0.2426353245973587,0.4845012128353119,0.3488973379135132,0.33759161829948425,0.38126423954963684,0.6216434240341187,0.6620946526527405,0.250389963388443,0.780083417892456,0.807861328125,0.6357340216636658,0.0,0.0,0.6237242221832275,0.28888797760009766,0.0,0.0,0.0,0.0,0.0,0.0,0.0,0.0,0.0,0.0,0.0,0.0,0.0,0.0
52,0.4377008378505707,0.2516401410102844,0.4567182660102844,0.2370639145374298,0.3949052691459656,0.2422744184732437,0.4838636517524719,0.34969422221183777,0.3384033143520355,0.3835620582103729,0.6244486570358276,0.6565043330192566,0.25078073143959045,0.7791949510574341,0.8096114993095398,0.6302420496940613,0.0,0.0,0.6266981959342957,0.28896263241767883,0.0,0.0,0.0,0.0,0.0,0.0,0.0,0.0,0.0,0.0,0.0,0.0,0.0,0.0
53,0.4382864832878113,0.24869483709335327,0.45732805132865906,0.23742946982383728,0.39562809467315674,0.24171145260334015,0.4826260805130005,0.353439599275589,0.33654701709747314,0.3857894837856293,0.6180015802383423,0.6535366773605347,0.24637137353420258,0.787184476852417,0.8201130628585815,0.6065911650657654,0.0,0.0,0.6163845062255859,0.2908388078212738,0.2921886742115021,0.8506969809532166,0.0,0.0,0.0,0.0,0.0,0.0,0.0,0.0,0.0,0.0,0.0,0.0
54,0.4382967948913574,0.25343620777130127,0.45751848816871643,0.24108649790287018,0.39559727907180786,0.2433556467294693,0.4820632040500641,0.35337355732917786,0.3381897807121277,0.382760614156723,0.6177245378494263,0.6516188383102417,0.24996700882911682,0.7784062623977661,0.8077162504196167,0.6261352896690369,0.0,0.0,0.6380178332328796,0.29896482825279236,0.0,0.0,0.0,0.0,0.0,0.0,0.0,0.0,0.0,0.0,0.0,0.0,0.0,0.0
55,0.43888038396835327,0.2484131157398224,0.45740512013435364,0.23633097112178802,0.39600616693496704,0.24129536747932434,0.4822852313518524,0.35025501251220703,0.33669281005859375,0.3841748833656311,0.6175830960273743,0.652980625629425,0.24768653512001038,0.7842636108398438,0.8223821520805359,0.6116394400596619,0.0,0.0,0.619218111038208,0.2942081391811371,0.2925965189933777,0.840778648853302,0.0,0.0,0.0,0.0,0.0,0.0,0.0,0.0,0.0,0.0,0.0,0.0
56,0.4377524256706238,0.24820369482040405,0.4563978314399719,0.23616400361061096,0.3952745497226715,0.2416008859872818,0.48180344700813293,0.34991657733917236,0.3372809588909149,0.38457533717155457,0.6191422939300537,0.6499155163764954,0.24760553240776062,0.7835844159126282,0.8218544125556946,0.6081503629684448,0.0,0.0,0.6188600659370422,0.29369163513183594,0.2914327085018158,0.8463488817214966,0.0,0.0,0.0,0.0,0.0,0.0,0.0,0.0,0.0,0.0,0.0,0.0
57,0.4386071264743805,0.2517060935497284,0.4578581154346466,0.2397548258304596,0.39555901288986206,0.2427142709493637,0.48300352692604065,0.3532246947288513,0.33852529525756836,0.38415005803108215,0.6191293597221375,0.6509107947349548,0.2509368360042572,0.7775709629058838,0.8078061938285828,0.6285004019737244,0.0,0.0,0.6424821615219116,0.3033390939235687,0.0,0.0,0.0,0.0,0.0,0.0,0.0,0.0,0.0,0.0,0.0,0.0,0.0,0.0
58,0.43686944246292114,0.24980293214321136,0.45577651262283325,0.2387135773897171,0.3944786489009857,0.24251963198184967,0.48105090856552124,0.35279813408851624,0.33900076150894165,0.38529255986213684,0.6197356581687927,0.6489009261131287,0.25097742676734924,0.7764180302619934,0.8075882196426392,0.6305224895477295,0.0,0.0,0.639548122882843,0.30232900381088257,0.0,0.0,0.0,0.0,0.0,0.0,0.0,0.0,0.0,0.0,0.0,0.0,0.0,0.0
59,0.4388449788093567,0.25159698724746704,0.4579390585422516,0.23991608619689941,0.3961411714553833,0.24308839440345764,0.4831072986125946,0.3524603843688965,0.33929815888404846,0.3835596740245819,0.6210560202598572,0.6487933397293091,0.25172314047813416,0.7764639854431152,0.8100417852401733,0.6331662535667419,0.0,0.0,0.641487717628479,0.3011399507522583,0.0,0.0,0.0,0.0,0.0,0.0,0.0,0.0,0.0,0.0,0.0,0.0,0.0,0.0
60,0.4385952353477478,0.2532712519168854,0.45760539174079895,0.24114826321601868,0.39615246653556824,0.24414291977882385,0.4820627272129059,0.3532080054283142,0.33930015563964844,0.38386663794517517,0.6171277165412903,0.6503323316574097,0.2518128454685211,0.775587797164917,0.8075237274169922,0.6323235630989075,0.0,0.0,0.6365610957145691,0.3010120689868927,0.0,0.0,0.0,0.0,0.0,0.0,0.0,0.0,0.0,0.0,0.0,0.0,0.0,0.0
61,0.43877947330474854,0.25424396991729736,0.4579244554042816,0.24213078618049622,0.3964540660381317,0.24475038051605225,0.48242226243019104,0.35354071855545044,0.33963268995285034,0.3833678364753723,0.6179054379463196,0.6501114964485168,0.25141170620918274,0.775252640247345,0.8087541460990906,0.6306383013725281,0.0,0.0,0.6361261606216431,0.2981433868408203,0.0,0.0,0.0,0.0,0.0,0.0,0.0,0.0,0.0,0.0,0.0,0.0,0.0,0.0
62,0.43808498978614807,0.2506619989871979,0.4566386640071869,0.23897376656532288,0.3964941203594208,0.2429816573858261,0.48136037588119507,0.3503303527832031,0.3386342227458954,0.38153135776519775,0.618425190448761,0.6495944261550903,0.2491324096918106,0.7789695262908936,0.8239731192588806,0.6090431809425354,0.0,0.0,0.6156803965568542,0.2885463237762451,0.2873324453830719,0.8388670682907104,0.0,0.0,0.0,0.0,0.0,0.0,0.0,0.0,0.0,0.0,0.0,0.0
63,0.4384705424308777,0.25370562076568604,0.4581656754016876,0.2396618276834488,0.3964797556400299,0.24392281472682953,0.4856418967247009,0.35092833638191223,0.34094592928886414,0.3819117546081543,0.624464213848114,0.6538934707641602,0.2532197833061218,0.7755117416381836,0.8095329403877258,0.6291822791099548,0.0,0.0,0.6251283288002014,0.2842619717121124,0.0,0.0,0.0,0.0,0.0,0.0,0.0,0.0,0.0,0.0,0.0,0.0,0.0,0.0
64,0.4401237666606903,0.25530004501342773,0.4595409631729126,0.24144354462623596,0.3981568217277527,0.24413076043128967,0.48610734939575195,0.3526327311992645,0.3412248492240906,0.3805675208568573,0.6247129440307617,0.6557115912437439,0.2535974085330963,0.7750990986824036,0.8105257153511047,0.6283323764801025,0.0,0.0,0.6237682104110718,0.2837291359901428,0.0,0.0,0.0,0.0,0.0,0.0,0.0,0.0,0.0,0.0,0.0,0.0,0.0,0.0
65,0.4395841658115387,0.25525203347206116,0.45904770493507385,0.241196408867836,0.3979211747646332,0.24416334927082062,0.485558420419693,0.3515389561653137,0.3417210876941681,0.37997186183929443,0.6240373849868774,0.6530662178993225,0.2531159818172455,0.7751296758651733,0.8092830777168274,0.6243202090263367,0.0,0.0,0.6203709244728088,0.284193217754364,0.0,0.0,0.0,0.0,0.0,0.0,0.0,0.0,0.0,0.0,0.0,0.0,0.0,0.0
66,0.43765148520469666,0.2490324229001999,0.4568673372268677,0.24132436513900757,0.3965931236743927,0.24411197006702423,0.48112985491752625,0.35607004165649414,0.3407118022441864,0.3858376741409302,0.6102772355079651,0.6422268152236938,0.24994917213916779,0.7755081653594971,0.8087313175201416,0.6028003692626953,0.0,0.0,0.6068847179412842,0.298936128616333,0.2931486964225769,0.9226571321487427,0.0,0.0,0.0,0.0,0.0,0.0,0.0,0.0,0.0,0.0,0.0,0.0
67,0.43927156925201416,0.25177597999572754,0.4595456123352051,0.2399032562971115,0.3976736068725586,0.24247725307941437,0.48699265718460083,0.3544471859931946,0.3423328399658203,0.3818865418434143,0.6238588094711304,0.6523885130882263,0.25278377532958984,0.7744392156600952,0.8102352619171143,0.6230677962303162,0.0,0.0,0.6192867755889893,0.2836352586746216,0.0,0.0,0.0,0.0,0.0,0.0,0.0,0.0,0.0,0.0,0.0,0.0,0.0,0.0
68,0.43990105390548706,0.2487754225730896,0.45875561237335205,0.24211032688617706,0.3984759449958801,0.24424749612808228,0.4822785258293152,0.35698211193084717,0.3412381112575531,0.38593462109565735,0.6100293397903442,0.641619086265564,0.2508808672428131,0.7741183638572693,0.8090008497238159,0.6043539643287659,0.0,0.0,0.6085008382797241,0.29974570870399475,0.0,0.0,0.0,0.0,0.0,0.0,0.0,0.0,0.0,0.0,0.0,0.0,0.0,0.0
69,0.4402717053890228,0.24924002587795258,0.4598330557346344,0.23780910670757294,0.3980909585952759,0.24201492965221405,0.4870086908340454,0.3528946340084076,0.3423756957054138,0.38414934277534485,0.6222448945045471,0.6509214639663696,0.25427040457725525,0.7724795937538147,0.8062631487846375,0.626418948173523,0.0,0.0,0.6219692826271057,0.2847883999347687,0.0,0.0,0.0,0.0,0.0,0.0,0.0,0.0,0.0,0.0,0.0,0.0,0.0,0.0
70,0.44064560532569885,0.25376835465431213,0.4596952497959137,0.24045607447624207,0.3987242579460144,0.24447956681251526,0.4858131408691406,0.35092395544052124,0.3424953520298004,0.3819103538990021,0.6203097105026245,0.6510282754898071,0.2544770836830139,0.7733088135719299,0.8065630793571472,0.625058114528656,0.0,0.0,0.6216745972633362,0.2840941250324249,0.0,0.0,0.0,0.0,0.0,0.0,0.0,0.0,0.0,0.0,0.0,0.0,0.0,0.0
71,0.439821720123291,0.2529789209365845,0.45916271209716797,0.2431919276714325,0.3982038199901581,0.24737930297851562,0.48419031500816345,0.35338133573532104,0.34205275774002075,0.3858085572719574,0.6098883152008057,0.6435943841934204,0.25220954418182373,0.7723757028579712,0.8101469278335571,0.6121589541435242,0.0,0.0,0.6116903424263,0.30251771211624146,0.0,0.0,0.0,0.0,0.0,0.0,0.0,0.0,0.0,0.0,0.0,0.0,0.0,0.0
72,0.4399670660495758,0.2510264217853546,0.45979043841362,0.24157559871673584,0.39817872643470764,0.24607032537460327,0.4856864809989929,0.35327547788619995,0.34250956773757935,0.386278361082077,0.6109901070594788,0.6422919631004333,0.2528277337551117,0.7715123891830444,0.8107574582099915,0.6135181188583374,0.0,0.0,0.6131407022476196,0.30184388160705566,0.0,0.0,0.0,0.0,0.0,0.0,0.0,0.0,0.0,0.0,0.0,0.0,0.0,0.0
73,0.4414461553096771,0.25292858481407166,0.46156254410743713,0.23853881657123566,0.3987911343574524,0.24424175918102264,0.49001315236091614,0.349515438079834,0.3437484800815582,0.38345056772232056,0.6230696439743042,0.6527557969093323,0.25623592734336853,0.7736361026763916,0.8082060217857361,0.628375768661499,0.0,0.0,0.6282034516334534,0.2848678529262543,0.0,0.0,0.0,0.0,0.0,0.0,0.0,0.0,0.0,0.0,0.0,0.0,0.0,0.0
74,0.44236472249031067,0.2519659996032715,0.4615952670574188,0.23553769290447235,0.39906564354896545,0.24320365488529205,0.48958343267440796,0.3431720435619354,0.34354209899902344,0.3817283511161804,0.6248885989189148,0.6525524854660034,0.25709348917007446,0.7723775506019592,0.8105125427246094,0.6353719830513,0.0,0.0,0.6301674246788025,0.28630319237709045,0.0,0.0,0.0,0.0,0.0,0.0,0.0,0.0,0.0,0.0,0.0,0.0,0.0,0.0
75,0.4430333077907562,0.2524641454219818,0.4621983766555786,0.2349228709936142,0.3995737135410309,0.24298587441444397,0.4901648759841919,0.3406026065349579,0.34403181076049805,0.3800448477268219,0.6250200867652893,0.6518905162811279,0.25757843255996704,0.770322859287262,0.8111160397529602,0.6374942660331726,0.0,0.0,0.6324670910835266,0.28557834029197693,0.0,0.0,0.0,0.0,0.0,0.0,0.0,0.0,0.0,0.0,0.0,0.0,0.0,0.0
76,0.444183349609375,0.252408891916275,0.4632711410522461,0.23393835127353668,0.40043050050735474,0.24217356741428375,0.49112552404403687,0.337771475315094,0.34431886672973633,0.37786856293678284,0.6257883906364441,0.6492533683776855,0.25840330123901367,0.7700364589691162,0.8125702142715454,0.6326777338981628,0.0,0.0,0.6326530575752258,0.28388848900794983,0.0,0.0,0.0,0.0,0.0,0.0,0.0,0.0,0.0,0.0,0.0,0.0,0.0,0.0
77,0.4443378448486328,0.25298136472702026,0.4633764326572418,0.23363108932971954,0.4002855718135834,0.24250245094299316,0.4912775158882141,0.33605247735977173,0.3440369665622711,0.37772005796432495,0.6255704760551453,0.6445175409317017,0.25950756669044495,0.7684221863746643,0.8109055161476135,0.6264175176620483,0.0,0.0,0.6338539123535156,0.2823123633861542,0.0,0.0,0.0,0.0,0.0,0.0,0.0,0.0,0.0,0.0,0.0,0.0,0.0,0.0
78,0.44449424743652344,0.2528470754623413,0.4627501368522644,0.23333154618740082,0.400729775428772,0.2419481873512268,0.48984163999557495,0.3343881368637085,0.3443531095981598,0.3757671117782593,0.627310037612915,0.645264208316803,0.26005157828330994,0.7684677839279175,0.8119525909423828,0.6291375756263733,0.0,0.0,0.6334722638130188,0.28126761317253113,0.0,0.0,0.0,0.0,0.0,0.0,0.0,0.0,0.0,0.0,0.0,0.0,0.0,0.0
79,0.44357818365097046,0.2517254650592804,0.46148523688316345,0.23255407810211182,0.40009650588035583,0.24156375229358673,0.48842573165893555,0.33327674865722656,0.34477996826171875,0.37561729550361633,0.6269310116767883,0.6435744166374207,0.2607215344905853,0.7666543126106262,0.8119074106216431,0.6285515427589417,0.0,0.0,0.6335073709487915,0.2807808816432953,0.0,0.0,0.0,0.0,0.0,0.0,0.0,0.0,0.0,0.0,0.0,0.0,0.0,0.0
80,0.4438331723213196,0.25086280703544617,0.4613388180732727,0.23025062680244446,0.40001505613327026,0.24048693478107452,0.4884178042411804,0.3283102512359619,0.3448132276535034,0.3734697997570038,0.6284974217414856,0.6400373578071594,0.26179060339927673,0.7640849351882935,0.8131300210952759,0.6288710832595825,0.0,0.0,0.6342855095863342,0.28355422616004944,0.0,0.0,0.0,0.0,0.0,0.0,0.0,0.0,0.0,0.0,0.0,0.0,0.0,0.0
81,0.4441034495830536,0.2473708540201187,0.4616616368293762,0.23254403471946716,0.40101704001426697,0.2410544753074646,0.48634642362594604,0.3322681188583374,0.34425684809684753,0.37551525235176086,0.6185649037361145,0.6261470913887024,0.26011893153190613,0.7609685063362122,0.8155851364135742,0.6098658442497253,0.0,0.0,0.61696457862854,0.29550790786743164,0.2858191728591919,0.9214243292808533,0.0,0.0,0.0,0.0,0.0,0.0,0.0,0.0,0.0,0.0,0.0,0.0
82,0.4455800950527191,0.25060850381851196,0.46336251497268677,0.22950541973114014,0.40096062421798706,0.24032346904277802,0.4908381402492523,0.32813093066215515,0.34510549902915955,0.3748011291027069,0.6298040747642517,0.6381673216819763,0.2627476751804352,0.7627423405647278,0.8123301267623901,0.6280842423439026,0.0,0.0,0.6347341537475586,0.2824661135673523,0.0,0.0,0.0,0.0,0.0,0.0,0.0,0.0,0.0,0.0,0.0,0.0,0.0,0.0
83,0.44434425234794617,0.2473878115415573,0.4617367088794708,0.23005032539367676,0.40101441740989685,0.24097180366516113,0.48797398805618286,0.3303416073322296,0.34514886140823364,0.3771209120750427,0.6246291399002075,0.6351718306541443,0.258659303188324,0.7675888538360596,0.8256013989448547,0.6098946332931519,0.0,0.0,0.6248664855957031,0.2838093340396881,0.28262823820114136,0.8484774231910706,0.0,0.0,0.0,0.0,0.0,0.0,0.0,0.0,0.0,0.0,0.0,0.0
84,0.445421427488327,0.24651014804840088,0.46343597769737244,0.22730596363544464,0.40103381872177124,0.2393334060907364,0.49194782972335815,0.3294893801212311,0.3471159040927887,0.3784187436103821,0.6291424036026001,0.635315477848053,0.2642999291419983,0.7584301829338074,0.8097044229507446,0.6300292015075684,0.0,0.0,0.6347050070762634,0.28458431363105774,0.0,0.0,0.0,0.0,0.0,0.0,0.0,0.0,0.0,0.0,0.0,0.0,0.0,0.0
85,0.4459877014160156,0.24746662378311157,0.46467992663383484,0.23104366660118103,0.402131587266922,0.24128824472427368,0.4921168386936188,0.3342592120170593,0.34570810198783875,0.3796093463897705,0.6258626580238342,0.6313615441322327,0.261038213968277,0.7640501260757446,0.8251997828483582,0.6105714440345764,0.0,0.0,0.6250312924385071,0.2877758741378784,0.2810570299625397,0.8416271805763245,0.0,0.0,0.0,0.0,0.0,0.0,0.0,0.0,0.0,0.0,0.0,0.0
86,0.4460117220878601,0.2440558820962906,0.4652897119522095,0.23027461767196655,0.40235596895217896,0.23999010026454926,0.49365073442459106,0.33830609917640686,0.34661516547203064,0.38226619362831116,0.627692461013794,0.6321563720703125,0.26128143072128296,0.7643516063690186,0.8268018960952759,0.6082124710083008,0.0,0.0,0.6234778761863708,0.28661811351776123,0.2782485783100128,0.8447011113166809,0.0,0.0,0.0,0.0,0.0,0.0,0.0,0.0,0.0,0.0,0.0,0.0
87,0.44645074009895325,0.24170687794685364,0.46585598587989807,0.22892871499061584,0.40297794342041016,0.23785428702831268,0.4939725995063782,0.3383287191390991,0.3476743698120117,0.380540132522583,0.6275675892829895,0.6325790286064148,0.26224103569984436,0.7609734535217285,0.8266611695289612,0.6143001914024353,0.0,0.0,0.6246288418769836,0.2902408242225647,0.27834606170654297,0.8485817909240723,0.0,0.0,0.0,0.0,0.0,0.0,0.0,0.0,0.0,0.0,0.0,0.0
88,0.44687920808792114,0.24017097055912018,0.46714088320732117,0.22937622666358948,0.4032730162143707,0.238517627120018,0.49685829877853394,0.34331434965133667,0.3486804664134979,0.38575583696365356,0.6283327341079712,0.6320704221725464,0.26279252767562866,0.7621392607688904,0.8252912759780884,0.6121435761451721,0.0,0.0,0.6231511235237122,0.29025229811668396,0.2788848876953125,0.8519924879074097,0.0,0.0,0.0,0.0,0.0,0.0,0.0,0.0,0.0,0.0,0.0,0.0
89,0.44618067145347595,0.23938924074172974,0.46692389249801636,0.22787827253341675,0.40253832936286926,0.23814962804317474,0.49784061312675476,0.3427110016345978,0.34901365637779236,0.3869656026363373,0.628525972366333,0.6353225708007812,0.26305294036865234,0.7615699172019958,0.8247213363647461,0.6158172488212585,0.0,0.0,0.623265266418457,0.29028263688087463,0.27969542145729065,0.8415533900260925,0.0,0.0,0.0,0.0,0.0,0.0,0.0,0.0,0.0,0.0,0.0,0.0
90,0.44855913519859314,0.2423441857099533,0.470975786447525,0.22981441020965576,0.4041595757007599,0.24010933935642242,0.5041235685348511,0.34438949823379517,0.34966564178466797,0.3882691562175751,0.6317570209503174,0.6347097158432007,0.2639235854148865,0.7621723413467407,0.8271562457084656,0.6147988438606262,0.0,0.0,0.6234897375106812,0.29060664772987366,0.2781387269496918,0.8444687128067017,0.0,0.0,0.0,0.0,0.0,0.0,0.0,0.0,0.0,0.0,0.0,0.0
91,0.4473002552986145,0.23822812736034393,0.4695804715156555,0.22789257764816284,0.4034791886806488,0.23783451318740845,0.5022354125976562,0.34774982929229736,0.3502015471458435,0.39070984721183777,0.6316739916801453,0.6366402506828308,0.2627323865890503,0.7636469602584839,0.8288322687149048,0.6175965070724487,0.0,0.0,0.6243574023246765,0.29177501797676086,0.27956512570381165,0.8280667066574097,0.0,0.0,0.0,0.0,0.0,0.0,0.0,0.0,0.0,0.0,0.0,0.0
92,0.4483170509338379,0.2358328253030777,0.4706032872200012,0.2299738973379135,0.4045942723751068,0.2386307567358017,0.501492977142334,0.3530237376689911,0.3508310317993164,0.39465954899787903,0.6244348883628845,0.6270872354507446,0.2641495168209076,0.7528237104415894,0.8162782788276672,0.626419723033905,0.0,0.0,0.6157655715942383,0.3034033179283142,0.0,0.0,0.0,0.0,0.0,0.0,0.0,0.0,0.0,0.0,0.0,0.0,0.0,0.0
93,0.44519367814064026,0.2365836650133133,0.4660739004611969,0.21932397782802582,0.40121763944625854,0.2332422435283661,0.49937763810157776,0.3301222324371338,0.3517584800720215,0.38120773434638977,0.6371318697929382,0.6280440092086792,0.26625388860702515,0.7519150376319885,0.8108817934989929,0.6282543540000916,0.0,0.0,0.6280165314674377,0.28347644209861755,0.0,0.0,0.0,0.0,0.0,0.0,0.0,0.0,0.0,0.0,0.0,0.0,0.0,0.0
94,0.44446229934692383,0.23610535264015198,0.46615660190582275,0.21719948947429657,0.40068817138671875,0.23190774023532867,0.5004875063896179,0.3259018361568451,0.35212740302085876,0.3781147003173828,0.6413781046867371,0.6231589317321777,0.2645784914493561,0.7504963278770447,0.8142871856689453,0.6286587119102478,0.0,0.0,0.6285823583602905,0.2915211617946625,0.0,0.0,0.0,0.0,0.0,0.0,0.0,0.0,0.0,0.0,0.0,0.0,0.0,0.0
95,0.44416943192481995,0.23672880232334137,0.46707823872566223,0.218140110373497,0.4005361497402191,0.23281343281269073,0.503214955329895,0.3290117084980011,0.3528944253921509,0.38054877519607544,0.6427631974220276,0.6247652173042297,0.2645230293273926,0.7502110600471497,0.8192828893661499,0.6349612474441528,0.0,0.0,0.6279787421226501,0.2930780053138733,0.0,0.0,0.0,0.0,0.0,0.0,0.0,0.0,0.0,0.0,0.0,0.0,0.0,0.0
96,0.446254163980484,0.23456940054893494,0.4707581698894501,0.21660524606704712,0.401613712310791,0.23180483281612396,0.5108248591423035,0.33217450976371765,0.3543529212474823,0.38373100757598877,0.6474775075912476,0.6357322335243225,0.26705917716026306,0.7467252016067505,0.8217004537582397,0.6654093265533447,0.0,0.0,0.6300868391990662,0.3156871795654297,0.0,0.0,0.0,0.0,0.0,0.0,0.0,0.0,0.0,0.0,0.0,0.0,0.0,0.0
97,0.44883450865745544,0.23920415341854095,0.47649767994880676,0.21836866438388824,0.4035519063472748,0.23281501233577728,0.5208598971366882,0.3343832194805145,0.35542047023773193,0.38269102573394775,0.6548879146575928,0.6385659575462341,0.26994210481643677,0.7496426701545715,0.8252443671226501,0.6788386702537537,0.0,0.0,0.6268483400344849,0.3344276547431946,0.0,0.0,0.0,0.0,0.0,0.0,0.0,0.0,0.0,0.0,0.0,0.0,0.0,0.0
98,0.45036032795906067,0.2285967916250229,0.47801655530929565,0.2133435159921646,0.40398702025413513,0.22814300656318665,0.5236506462097168,0.3401053547859192,0.35598820447921753,0.3892372250556946,0.6551647186279297,0.6474252343177795,0.2700728476047516,0.7439647912979126,0.8199407458305359,0.7014725208282471,0.0,0.0,0.6358071565628052,0.35642242431640625,0.0,0.0,0.0,0.0,0.0,0.0,0.0,0.0,0.0,0.0,0.0,0.0,0.0,0.0
99,0.44543468952178955,0.2338593304157257,0.47311365604400635,0.2143583446741104,0.40088146924972534,0.2302420288324356,0.5188617706298828,0.3338301181793213,0.3556872308254242,0.3840736448764801,0.6496676802635193,0.6476047039031982,0.2704194188117981,0.7430357336997986,0.8173063397407532,0.7115173935890198,0.0,0.0,0.6310619711875916,0.365235835313797,0.0,0.0,0.0,0.0,0.0,0.0,0.0,0.0,0.0,0.0,0.0,0.0,0.0,0.0
100,0.44966185092926025,0.24513965845108032,0.47816309332847595,0.22475501894950867,0.4039471745491028,0.23663511872291565,0.521416187286377,0.3403259217739105,0.352653443813324,0.3822231888771057,0.6416108012199402,0.6518778800964355,0.26906853914260864,0.7431743144989014,0.8152570724487305,0.7103573083877563,0.0,0.0,0.622315526008606,0.3811717629432678,0.0,0.0,0.0,0.0,0.0,0.0,0.0,0.0,0.0,0.0,0.0,0.0,0.0,0.0
101,0.4503539204597473,0.24866268038749695,0.4803657531738281,0.22453990578651428,0.40507280826568604,0.2363487184047699,0.5247832536697388,0.3351600766181946,0.3534742295742035,0.3749983012676239,0.6363502740859985,0.6591432094573975,0.27002009749412537,0.7451336979866028,0.813819169998169,0.731198787689209,0.0,0.0,0.6231392025947571,0.40986406803131104,0.0,0.0,0.0,0.0,0.0,0.0,0.0,0.0,0.0,0.0,0.0,0.0,0.0,0.0
102,0.44904595613479614,0.24256408214569092,0.4789580702781677,0.22546522319316864,0.4046626091003418,0.23496903479099274,0.5221320986747742,0.34646761417388916,0.35275641083717346,0.3816035985946655,0.6148582696914673,0.6764333844184875,0.2729642987251282,0.7439695596694946,0.8105661869049072,0.7341387271881104,0.0,0.0,0.6140310764312744,0.4307189881801605,0.28916293382644653,0.8975892663002014,0.0,0.0,0.0,0.0,0.0,0.0,0.0,0.0,0.0,0.0,0.0,0.0
103,0.45201486349105835,0.24992336332798004,0.4856165945529938,0.22150859236717224,0.40588340163230896,0.23621535301208496,0.5354851484298706,0.33122506737709045,0.35396069288253784,0.37480276823043823,0.6391294002532959,0.6504188179969788,0.2708180546760559,0.7342127561569214,0.8187664151191711,0.7686263918876648,0.0,0.0,0.6229361891746521,0.4541199803352356,0.0,0.0,0.0,0.0,0.0,0.0,0.0,0.0,0.0,0.0,0.0,0.0,0.0,0.0
104,0.4544387757778168,0.2512015104293823,0.4854494035243988,0.22642762959003448,0.4096361994743347,0.23646558821201324,0.5266672968864441,0.3383229970932007,0.3527744710445404,0.37446093559265137,0.6155216097831726,0.64455246925354,0.2749781310558319,0.7344986796379089,0.8231971859931946,0.7566519975662231,0.0,0.0,0.6171073913574219,0.47989484667778015,0.0,0.0,0.0,0.0,0.0,0.0,0.0,0.0,0.0,0.0,0.0,0.0,0.0,0.0
105,0.45614728331565857,0.24509774148464203,0.4879095256328583,0.22362560033798218,0.4102269113063812,0.2313523143529892,0.5274996161460876,0.3421895205974579,0.35116225481033325,0.37434640526771545,0.6299706101417542,0.6400133371353149,0.2670798897743225,0.7343581318855286,0.8176933526992798,0.7943817973136902,0.0,0.0,0.6174906492233276,0.5029868483543396,0.0,0.0,0.0,0.0,0.0,0.0,0.0,0.0,0.0,0.0,0.0,0.0,0.0,0.0
106,0.4515480399131775,0.2425483763217926,0.4846091568470001,0.22513292729854584,0.40926364064216614,0.23211759328842163,0.526360034942627,0.352799654006958,0.35492461919784546,0.38119277358055115,0.6251780986785889,0.6304502487182617,0.269597589969635,0.7235875725746155,0.827177107334137,0.7997884154319763,0.0,0.0,0.61722731590271,0.5336000323295593,0.2837011218070984,0.9011192321777344,0.0,0.0,0.0,0.0,0.0,0.0,0.0,0.0,0.0,0.0,0.0,0.0
107,0.45127174258232117,0.24459737539291382,0.4841093420982361,0.2251942902803421,0.40942633152008057,0.23436953127384186,0.5247922539710999,0.3505747616291046,0.3555912375450134,0.3835946023464203,0.6264503598213196,0.6212009787559509,0.267689049243927,0.7225416302680969,0.8253082633018494,0.826972484588623,0.0,0.0,0.6158260107040405,0.5574015974998474,0.0,0.0,0.0,0.0,0.0,0.0,0.0,0.0,0.0,0.0,0.0,0.0,0.0,0.0
108,0.4513535797595978,0.26133856177330017,0.4844202995300293,0.23525390028953552,0.4103318154811859,0.2380736768245697,0.5222833752632141,0.35480037331581116,0.35286054015159607,0.3724468946456909,0.6184080243110657,0.6512392163276672,0.2659696638584137,0.7319689989089966,0.8258365988731384,0.8398268222808838,0.0,0.0,0.6181882619857788,0.5732343792915344,0.0,0.0,0.0,0.0,0.0,0.0,0.0,0.0,0.0,0.0,0.0,0.0,0.0,0.0
