,0,1,2,3,4,5,6,7,8,9,10,11,12,13,14,15,16,17,18,19,20,21,22,23,24,25,26,27,28,29,30,31,32,33
0,0.47323036193847656,0.4441693425178528,0.5307887196540833,0.41336071491241455,0.4206629693508148,0.41555482149124146,0.6020192503929138,0.43836554884910583,0.3348061442375183,0.4418273866176605,0.7369467616081238,0.6239269375801086,0.1869298368692398,0.6113684773445129,0.9345840215682983,0.8615261912345886,0.028228845447301865,0.8616387248039246,0.8623064160346985,0.6653878688812256,0.15890087187290192,0.9977645874023438,0.0,0.0,0.0,0.0,0.0,0.0,0.0,0.0,0.0,0.0,0.0,0.0
1,0.47404998540878296,0.4446524977684021,0.5326513051986694,0.41389936208724976,0.4217812418937683,0.4150873124599457,0.6038764119148254,0.43945762515068054,0.335082083940506,0.4408995509147644,0.7372616529464722,0.624660313129425,0.18426905572414398,0.6126139760017395,0.9339884519577026,0.8522499799728394,0.029443783685564995,0.8619443774223328,0.8458335399627686,0.6416025161743164,0.15837062895298004,0.996616780757904,0.0,0.0,0.0,0.0,0.0,0.0,0.0,0.0,0.0,0.0,0.0,0.0
2,0.4748133420944214,0.44581955671310425,0.53404700756073,0.41490501165390015,0.42332983016967773,0.4158117175102234,0.6040358543395996,0.4399552345275879,0.33566948771476746,0.4405617117881775,0.7280624508857727,0.622992217540741,0.18740586936473846,0.612452507019043,0.9310687780380249,0.8454136252403259,0.03003692626953125,0.8607317805290222,0.8239860534667969,0.6255376935005188,0.16450153291225433,0.9942724108695984,0.0,0.0,0.0,0.0,0.0,0.0,0.0,0.0,0.0,0.0,0.0,0.0
3,0.47499072551727295,0.44639018177986145,0.534510612487793,0.4160304069519043,0.4242592751979828,0.41580039262771606,0.6036648154258728,0.44288066029548645,0.3365287780761719,0.4411723017692566,0.7240363955497742,0.6271641254425049,0.18766459822654724,0.6161555051803589,0.9317389726638794,0.839676558971405,0.03008982352912426,0.8598577380180359,0.8021098375320435,0.6116523742675781,0.16002815961837769,0.9942158460617065,0.0,0.0,0.0,0.0,0.0,0.0,0.0,0.0,0.0,0.0,0.0,0.0
4,0.4754560589790344,0.4464077055454254,0.5366048216819763,0.4166069030761719,0.42460063099861145,0.41592246294021606,0.6065894961357117,0.4451215863227844,0.33721739053726196,0.44274696707725525,0.7154778242111206,0.6226260662078857,0.19767893850803375,0.6149094700813293,0.9376919269561768,0.8310526609420776,0.027212439104914665,0.8581158518791199,0.7596991658210754,0.6052141189575195,0.15830667316913605,0.9911047220230103,0.0,0.0,0.0,0.0,0.0,0.0,0.0,0.0,0.0,0.0,0.0,0.0
5,0.4765293300151825,0.44728565216064453,0.5381059646606445,0.41671687364578247,0.42352110147476196,0.4145621359348297,0.6074039340019226,0.4460309147834778,0.3312534689903259,0.4415634274482727,0.708820104598999,0.6250232458114624,0.19918271899223328,0.6120644211769104,0.9318559169769287,0.8301956057548523,0.024649174883961678,0.8557115793228149,0.7021313309669495,0.607562243938446,0.14482048153877258,1.0,0.0,0.0,0.0,0.0,0.0,0.0,0.0,0.0,0.0,0.0,0.0,0.0
6,0.4769527316093445,0.4438924193382263,0.5414504408836365,0.413929283618927,0.421334445476532,0.4132698178291321,0.6183469295501709,0.4475077986717224,0.3324865698814392,0.44705232977867126,0.7289015054702759,0.6209322214126587,0.20366249978542328,0.6126521229743958,0.9395080804824829,0.8268411755561829,0.026189804077148438,0.854016125202179,0.6571309566497803,0.6175979971885681,0.13950839638710022,1.0,0.0,0.0,0.0,0.0,0.0,0.0,0.0,0.0,0.0,0.0,0.0,0.0
7,0.47809669375419617,0.4492180049419403,0.539909303188324,0.4155923128128052,0.4240286946296692,0.414975643157959,0.6092790365219116,0.4397422969341278,0.33384010195732117,0.4393164813518524,0.7291833162307739,0.6150705814361572,0.20049948990345,0.6154035329818726,0.9469960927963257,0.8180319666862488,0.024754630401730537,0.8531063795089722,0.6244127154350281,0.6287530660629272,0.14293119311332703,0.9931471347808838,0.0,0.0,0.0,0.0,0.0,0.0,0.0,0.0,0.0,0.0,0.0,0.0
8,0.47735917568206787,0.44719812273979187,0.5375241637229919,0.41711390018463135,0.42429378628730774,0.41520318388938904,0.6035441756248474,0.4454067349433899,0.3362175226211548,0.4432916045188904,0.731217622756958,0.6119550466537476,0.20476053655147552,0.612599790096283,0.956889271736145,0.8125538229942322,0.02480214461684227,0.8509016036987305,0.6002724766731262,0.6394428014755249,0.14070405066013336,0.9932343363761902,0.0,0.0,0.0,0.0,0.0,0.0,0.0,0.0,0.0,0.0,0.0,0.0
9,0.47653311491012573,0.44899702072143555,0.5350165963172913,0.41888296604156494,0.42250069975852966,0.4155946969985962,0.5949913859367371,0.44616955518722534,0.3304433226585388,0.4427505433559418,0.7385573387145996,0.6062281727790833,0.18546202778816223,0.6094275116920471,0.9564120769500732,0.7952703833580017,0.022825749590992928,0.8461325168609619,0.590088963508606,0.6493784189224243,0.12632408738136292,0.9909136295318604,0.0,0.0,0.0,0.0,0.0,0.0,0.0,0.0,0.0,0.0,0.0,0.0
10,0.47565144300460815,0.4493614137172699,0.5341207981109619,0.41885480284690857,0.42086055874824524,0.41597017645835876,0.5943861603736877,0.44505614042282104,0.32842889428138733,0.4426541328430176,0.7370761632919312,0.60415118932724,0.18489359319210052,0.6101641058921814,0.9553749561309814,0.7879698276519775,0.022710461169481277,0.8447548747062683,0.5944940447807312,0.6516924500465393,0.12492205202579498,0.9921938180923462,0.0,0.0,0.0,0.0,0.0,0.0,0.0,0.0,0.0,0.0,0.0,0.0
11,0.47464719414711,0.44937601685523987,0.5328418016433716,0.4181458353996277,0.4210730195045471,0.41619858145713806,0.5962880253791809,0.44166645407676697,0.3344651460647583,0.4405079782009125,0.7351427674293518,0.6049142479896545,0.1939292550086975,0.6155614852905273,0.9565946459770203,0.7815265655517578,0.018512725830078125,0.8464457392692566,0.6099424362182617,0.6493414640426636,0.12907710671424866,0.9894686341285706,0.0,0.0,0.0,0.0,0.0,0.0,0.0,0.0,0.0,0.0,0.0,0.0
12,0.4699111878871918,0.4492819011211395,0.5291038751602173,0.41795530915260315,0.4162713885307312,0.41599875688552856,0.5956618785858154,0.44215118885040283,0.33257266879081726,0.44094640016555786,0.7378943562507629,0.6042631268501282,0.1939472258090973,0.6143670678138733,0.9504685997962952,0.7808862924575806,0.0218997523188591,0.8463598489761353,0.63526850938797,0.640929102897644,0.13136762380599976,0.9934319257736206,0.0,0.0,0.0,0.0,0.0,0.0,0.0,0.0,0.0,0.0,0.0,0.0
13,0.47114235162734985,0.45077982544898987,0.5298944115638733,0.41729214787483215,0.41466209292411804,0.4157530963420868,0.5977689623832703,0.4402976334095001,0.3261902630329132,0.4401628375053406,0.7378960251808167,0.6110876202583313,0.18242187798023224,0.6153548955917358,0.9409801959991455,0.7834154963493347,0.019855117425322533,0.8455656170845032,0.6740721464157104,0.6300398111343384,0.1285872608423233,0.9938316941261292,0.0,0.0,0.0,0.0,0.0,0.0,0.0,0.0,0.0,0.0,0.0,0.0
14,0.4650329649448395,0.4466051161289215,0.5284980535507202,0.4135972857475281,0.4094318747520447,0.41359132528305054,0.6042786240577698,0.4419819116592407,0.3223848342895508,0.44280824065208435,0.7171456217765808,0.6195709109306335,0.193219855427742,0.6133865714073181,0.9689019322395325,0.8246591687202454,0.012608888559043407,0.8536774516105652,0.7246066331863403,0.6229408979415894,0.0,0.0,0.0,0.0,0.0,0.0,0.0,0.0,0.0,0.0,0.0,0.0,0.0,0.0
15,0.46438515186309814,0.44962504506111145,0.5252175331115723,0.4159470498561859,0.40973469614982605,0.41675251722335815,0.5953953862190247,0.43947476148605347,0.3206065595149994,0.44137001037597656,0.7093963623046875,0.6151182055473328,0.18923260271549225,0.6113225817680359,0.9715350270271301,0.8299869894981384,0.02008938230574131,0.8598070740699768,0.7822672724723816,0.6064683794975281,0.1362839639186859,0.9910780191421509,0.0,0.0,0.0,0.0,0.0,0.0,0.0,0.0,0.0,0.0,0.0,0.0
16,0.4630979895591736,0.4477192759513855,0.5217354893684387,0.4153112471103668,0.4086366295814514,0.4166000485420227,0.5933763384819031,0.4395580589771271,0.32141128182411194,0.44223159551620483,0.7144840359687805,0.6232715845108032,0.18718339502811432,0.6155588626861572,0.9613628387451172,0.8302793502807617,0.024540668353438377,0.8591163754463196,0.8155904412269592,0.5994687676429749,0.14779743552207947,0.993999719619751,0.0,0.0,0.0,0.0,0.0,0.0,0.0,0.0,0.0,0.0,0.0,0.0
17,0.45989298820495605,0.447570264339447,0.5201843976974487,0.4149969518184662,0.40617984533309937,0.4164096713066101,0.5949157476425171,0.4391576051712036,0.3211756646633148,0.441824734210968,0.7243337631225586,0.6201581954956055,0.18163076043128967,0.6147041320800781,0.9527822136878967,0.8264551758766174,0.027812957763671875,0.8615301251411438,0.8343909382820129,0.5926395654678345,0.14532025158405304,0.9951183199882507,0.0,0.0,0.0,0.0,0.0,0.0,0.0,0.0,0.0,0.0,0.0,0.0
18,0.4580738842487335,0.44866153597831726,0.5187705755233765,0.4162769317626953,0.404160737991333,0.41766253113746643,0.5971760153770447,0.44090721011161804,0.3205861747264862,0.44340142607688904,0.7258536219596863,0.6242292523384094,0.17990073561668396,0.6125205159187317,0.9353139400482178,0.8301876783370972,0.023977745324373245,0.8598943948745728,0.848759651184082,0.5905619859695435,0.13260069489479065,1.0,0.0,0.0,0.0,0.0,0.0,0.0,0.0,0.0,0.0,0.0,0.0,0.0
19,0.4590628743171692,0.4484754502773285,0.5199764370918274,0.41486063599586487,0.40436309576034546,0.41725867986679077,0.596823513507843,0.43844327330589294,0.3196917176246643,0.4429200291633606,0.7224327921867371,0.6209514737129211,0.1796817034482956,0.6143684387207031,0.9383514523506165,0.8283041715621948,0.026195695623755455,0.8609802722930908,0.8453696370124817,0.584650993347168,0.1460132747888565,0.9931347370147705,0.0,0.0,0.0,0.0,0.0,0.0,0.0,0.0,0.0,0.0,0.0,0.0
20,0.4593826234340668,0.4482214152812958,0.5204043984413147,0.4146103858947754,0.405014306306839,0.4167838990688324,0.5971590876579285,0.43806907534599304,0.32036930322647095,0.4419883191585541,0.7224818468093872,0.6204069256782532,0.18007847666740417,0.6133472919464111,0.9308798909187317,0.8291171789169312,0.028029166162014008,0.8607082366943359,0.837372362613678,0.5867985486984253,0.149588480591774,0.9945077896118164,0.0,0.0,0.0,0.0,0.0,0.0,0.0,0.0,0.0,0.0,0.0,0.0
21,0.46002158522605896,0.4477066993713379,0.5215582847595215,0.4146687388420105,0.4066181480884552,0.4164300858974457,0.5987975597381592,0.43913453817367554,0.3221804201602936,0.44189977645874023,0.7186475992202759,0.6214569211006165,0.18141429126262665,0.6138677597045898,0.9280877113342285,0.8309904336929321,0.02412804588675499,0.8597251772880554,0.8202791213989258,0.5921132564544678,0.14593125879764557,0.9926380515098572,0.0,0.0,0.0,0.0,0.0,0.0,0.0,0.0,0.0,0.0,0.0,0.0
22,0.46131694316864014,0.4479673504829407,0.5227481126785278,0.41538190841674805,0.40945154428482056,0.41696128249168396,0.597600519657135,0.4396596848964691,0.3229001760482788,0.44165346026420593,0.7109917402267456,0.6191429495811462,0.1818440705537796,0.6140711903572083,0.9269814491271973,0.8312017917633057,0.022393671795725822,0.8593026995658875,0.782366931438446,0.5958427786827087,0.14929623901844025,0.9911171793937683,0.0,0.0,0.0,0.0,0.0,0.0,0.0,0.0,0.0,0.0,0.0,0.0
23,0.4638453423976898,0.44854167103767395,0.5253400206565857,0.4155985713005066,0.41164258122444153,0.41663211584091187,0.5984557271003723,0.4404122531414032,0.32437366247177124,0.44162052869796753,0.7026218175888062,0.6204347610473633,0.18835479021072388,0.6169278025627136,0.9304074048995972,0.8319675922393799,0.016574902459979057,0.8593153357505798,0.7334961295127869,0.6124996542930603,0.14496129751205444,0.9928644299507141,0.0,0.0,0.0,0.0,0.0,0.0,0.0,0.0,0.0,0.0,0.0,0.0
24,0.46246710419654846,0.4492662847042084,0.5270548462867737,0.41465672850608826,0.4098794758319855,0.4165668487548828,0.6071023941040039,0.43726032972335815,0.32462847232818604,0.4401136338710785,0.7131009101867676,0.6156740784645081,0.19016672670841217,0.614758312702179,0.9252141118049622,0.8328527212142944,0.018726814538240433,0.8582243323326111,0.6848372220993042,0.6234719157218933,0.1417578011751175,0.9939467310905457,0.0,0.0,0.0,0.0,0.0,0.0,0.0,0.0,0.0,0.0,0.0,0.0
25,0.4649445414543152,0.4493078589439392,0.5289252400398254,0.41532281041145325,0.4107499122619629,0.41654732823371887,0.6062507629394531,0.44090166687965393,0.3250415325164795,0.4434069097042084,0.7244881987571716,0.6191615462303162,0.19157813489437103,0.6168459057807922,0.9291933178901672,0.8376192450523376,0.017780855298042297,0.8564861416816711,0.6456021070480347,0.6433336138725281,0.1380951702594757,0.9919126629829407,0.0,0.0,0.0,0.0,0.0,0.0,0.0,0.0,0.0,0.0,0.0,0.0
26,0.46782490611076355,0.4493862986564636,0.5293248891830444,0.4158354699611664,0.4137836992740631,0.416326642036438,0.6012884378433228,0.4409288763999939,0.3246808350086212,0.44246113300323486,0.7300113439559937,0.6184511184692383,0.19107583165168762,0.6172276139259338,0.9383922815322876,0.8373357653617859,0.019210221245884895,0.855931282043457,0.617875337600708,0.6560827493667603,0.13962258398532867,0.995815098285675,0.0,0.0,0.0,0.0,0.0,0.0,0.0,0.0,0.0,0.0,0.0,0.0
27,0.4664628803730011,0.45022648572921753,0.5273152589797974,0.41754478216171265,0.41454145312309265,0.416665643453598,0.5950295329093933,0.44127997756004333,0.3252336382865906,0.4399538040161133,0.730105996131897,0.6182460784912109,0.18602357804775238,0.6188110709190369,0.9466954469680786,0.8311669230461121,0.02256096713244915,0.8543750643730164,0.6033708453178406,0.6711164712905884,0.1304488331079483,0.9955625534057617,0.0,0.0,0.0,0.0,0.0,0.0,0.0,0.0,0.0,0.0,0.0,0.0
28,0.4671262502670288,0.45022687315940857,0.5265648365020752,0.4172110855579376,0.41412726044654846,0.41696661710739136,0.5943491458892822,0.43957585096359253,0.3264724612236023,0.4402126371860504,0.731086254119873,0.6157683730125427,0.1912291795015335,0.6172381639480591,0.955245852470398,0.8277645111083984,0.023063024505972862,0.8526367545127869,0.5937564969062805,0.6773430109024048,0.13041742146015167,0.9931089878082275,0.0,0.0,0.0,0.0,0.0,0.0,0.0,0.0,0.0,0.0,0.0,0.0
29,0.46621406078338623,0.4506964683532715,0.5259631872177124,0.417611688375473,0.41317427158355713,0.41718921065330505,0.5937916040420532,0.43977421522140503,0.32581958174705505,0.4401126801967621,0.7320606112480164,0.614668071269989,0.188326895236969,0.6172901391983032,0.9605212211608887,0.8229891061782837,0.0186470877379179,0.8505039811134338,0.5992214679718018,0.6805731058120728,0.12719489634037018,0.9908374547958374,0.0,0.0,0.0,0.0,0.0,0.0,0.0,0.0,0.0,0.0,0.0,0.0
30,0.4639321267604828,0.4510152041912079,0.5239854454994202,0.41825103759765625,0.4124179482460022,0.41724634170532227,0.5914449691772461,0.44109755754470825,0.326263964176178,0.4401347041130066,0.7327443361282349,0.6131595373153687,0.1873725950717926,0.6181647777557373,0.9709577560424805,0.8197912573814392,0.019456269219517708,0.8528822660446167,0.6116116046905518,0.6760395765304565,0.1288929432630539,0.9936268329620361,0.0,0.0,0.0,0.0,0.0,0.0,0.0,0.0,0.0,0.0,0.0,0.0
31,0.46299323439598083,0.4514874517917633,0.5241185426712036,0.4192313253879547,0.41028741002082825,0.4179903268814087,0.593506932258606,0.44278278946876526,0.3234923779964447,0.44145193696022034,0.7313935160636902,0.6089857816696167,0.18661785125732422,0.6171880960464478,0.9572960734367371,0.8082011938095093,0.022807270288467407,0.8525689840316772,0.6358354687690735,0.6687265634536743,0.13436122238636017,0.9963468909263611,0.0,0.0,0.0,0.0,0.0,0.0,0.0,0.0,0.0,0.0,0.0,0.0
32,0.45901548862457275,0.45112690329551697,0.5215702056884766,0.41779282689094543,0.40531566739082336,0.4180750250816345,0.5973019003868103,0.4423021674156189,0.3227078914642334,0.44384530186653137,0.7302541136741638,0.6129806637763977,0.19020803272724152,0.6171799898147583,0.960507869720459,0.8182264566421509,0.015063307248055935,0.8544474244117737,0.6643480658531189,0.6539717316627502,0.1362466663122177,0.9922636151313782,0.0,0.0,0.0,0.0,0.0,0.0,0.0,0.0,0.0,0.0,0.0,0.0
33,0.4571094512939453,0.4495619833469391,0.5202943682670593,0.41789180040359497,0.4026188254356384,0.41822347044944763,0.6002143621444702,0.44657719135284424,0.32056868076324463,0.44806626439094543,0.7202879786491394,0.6185733079910278,0.19344894587993622,0.6130743622779846,0.960149347782135,0.8302757143974304,0.01647203229367733,0.8547815084457397,0.7107642292976379,0.6401441693305969,0.1345796436071396,0.9943050146102905,0.0,0.0,0.0,0.0,0.0,0.0,0.0,0.0,0.0,0.0,0.0,0.0
34,0.4578832983970642,0.4508752226829529,0.517363965511322,0.4166547656059265,0.4029361307621002,0.41791918873786926,0.5859293341636658,0.4382863938808441,0.31231194734573364,0.4412771463394165,0.7021813988685608,0.6112674474716187,0.18561910092830658,0.610194981098175,0.9725375771522522,0.8334665298461914,0.01880289800465107,0.8612031936645508,0.7729434967041016,0.6251612305641174,0.1425340473651886,0.9925163388252258,0.0,0.0,0.0,0.0,0.0,0.0,0.0,0.0,0.0,0.0,0.0,0.0
35,0.4559299051761627,0.449717253446579,0.5162131786346436,0.41649726033210754,0.4014168083667755,0.41751959919929504,0.5889852643013,0.4411507844924927,0.3140751123428345,0.44313734769821167,0.7093721032142639,0.6231744885444641,0.18398712575435638,0.6174255609512329,0.9592442512512207,0.8322775363922119,0.02329067699611187,0.8602793216705322,0.8115822672843933,0.6122639179229736,0.14169074594974518,0.991122841835022,0.0,0.0,0.0,0.0,0.0,0.0,0.0,0.0,0.0,0.0,0.0,0.0
36,0.4540448486804962,0.4495942294597626,0.5146481990814209,0.41593897342681885,0.3984808325767517,0.4176107347011566,0.5902497172355652,0.43987998366355896,0.3119683563709259,0.443197101354599,0.7176684737205505,0.6241174936294556,0.17756882309913635,0.6169645190238953,0.9514123797416687,0.8335854411125183,0.027790451422333717,0.8622236847877502,0.8409193158149719,0.6015134453773499,0.0,0.0,0.0,0.0,0.0,0.0,0.0,0.0,0.0,0.0,0.0,0.0,0.0,0.0
37,0.45277416706085205,0.4499417245388031,0.5138208270072937,0.416262149810791,0.3962334394454956,0.41866129636764526,0.5924136638641357,0.43974438309669495,0.3104285001754761,0.44441816210746765,0.7227118611335754,0.6254792809486389,0.1757751852273941,0.6159982681274414,0.9364230632781982,0.8344950079917908,0.02756195142865181,0.861456573009491,0.8605708479881287,0.5891267657279968,0.13890227675437927,0.9912943243980408,0.0,0.0,0.0,0.0,0.0,0.0,0.0,0.0,0.0,0.0,0.0,0.0
38,0.45260652899742126,0.4502047598361969,0.5139912366867065,0.41578179597854614,0.3953648805618286,0.41841185092926025,0.593656063079834,0.4388318955898285,0.3101138770580292,0.44399547576904297,0.7216399908065796,0.6254467368125916,0.17620714008808136,0.6148155331611633,0.9256166219711304,0.8361543416976929,0.026185650378465652,0.8621698617935181,0.8680979609489441,0.583496630191803,0.13640663027763367,0.9877422451972961,0.0,0.0,0.0,0.0,0.0,0.0,0.0,0.0,0.0,0.0,0.0,0.0
39,0.45215386152267456,0.45033320784568787,0.5137848854064941,0.41593390703201294,0.3954688310623169,0.41853514313697815,0.5936816930770874,0.4389151632785797,0.3105008602142334,0.44372522830963135,0.71842360496521,0.6257185339927673,0.17683260142803192,0.6145254969596863,0.9208803772926331,0.8385553359985352,0.02844780869781971,0.8622726798057556,0.866548478603363,0.583724856376648,0.13807067275047302,0.9860230088233948,0.0,0.0,0.0,0.0,0.0,0.0,0.0,0.0,0.0,0.0,0.0,0.0
40,0.4533349275588989,0.45064371824264526,0.5139169096946716,0.41726455092430115,0.3969913125038147,0.41904717683792114,0.5924566984176636,0.44163981080055237,0.3118826448917389,0.4451512396335602,0.7161847352981567,0.6266452670097351,0.17426042258739471,0.6119297742843628,0.9075336456298828,0.8387371301651001,0.02417907677590847,0.8630201816558838,0.8590283393859863,0.5907749533653259,0.13138961791992188,1.0,0.0,0.0,0.0,0.0,0.0,0.0,0.0,0.0,0.0,0.0,0.0,0.0
41,0.4566486179828644,0.45061159133911133,0.5173712968826294,0.4160839021205902,0.40031519532203674,0.4183778762817383,0.5923029780387878,0.43918201327323914,0.3128918409347534,0.4436109662055969,0.7127527594566345,0.6226538419723511,0.176322802901268,0.6131576895713806,0.9128299355506897,0.8371198773384094,0.02578328363597393,0.8611648678779602,0.8312161564826965,0.5915209054946899,0.14015673100948334,0.9884750247001648,0.0,0.0,0.0,0.0,0.0,0.0,0.0,0.0,0.0,0.0,0.0,0.0
42,0.45735904574394226,0.4501463770866394,0.5182489156723022,0.41649913787841797,0.40242087841033936,0.41832494735717773,0.5916528105735779,0.44019412994384766,0.31358376145362854,0.4433160126209259,0.7083896398544312,0.6227350831031799,0.17545966804027557,0.6144313812255859,0.9062903523445129,0.8406354784965515,0.022236717864871025,0.8612909317016602,0.7939233183860779,0.6047664880752563,0.13929401338100433,0.9883664846420288,0.0,0.0,0.0,0.0,0.0,0.0,0.0,0.0,0.0,0.0,0.0,0.0
43,0.45969560742378235,0.45103779435157776,0.5201370120048523,0.41727888584136963,0.40578269958496094,0.418785959482193,0.5918025374412537,0.4406454265117645,0.3165053427219391,0.44302523136138916,0.6917877793312073,0.6211340427398682,0.18589352071285248,0.6158332824707031,0.9052890539169312,0.83738774061203,0.017587026581168175,0.8589720129966736,0.7252763509750366,0.6195204257965088,0.14487822353839874,0.9875527024269104,0.0,0.0,0.0,0.0,0.0,0.0,0.0,0.0,0.0,0.0,0.0,0.0
44,0.45809903740882874,0.4513145387172699,0.5211960673332214,0.41606464982032776,0.40510889887809753,0.4185643494129181,0.6011084318161011,0.43774694204330444,0.32048299908638,0.441852867603302,0.7128406167030334,0.6208208799362183,0.1889842301607132,0.6176971793174744,0.9017085433006287,0.8410308957099915,0.018307579681277275,0.8571054339408875,0.6577262878417969,0.6378505229949951,0.14306962490081787,0.9918997287750244,0.0,0.0,0.0,0.0,0.0,0.0,0.0,0.0,0.0,0.0,0.0,0.0
45,0.45825478434562683,0.4530631899833679,0.524222195148468,0.4184268116950989,0.4070000648498535,0.4183599650859833,0.603820264339447,0.4421355426311493,0.32377320528030396,0.4409256875514984,0.719630241394043,0.6226217150688171,0.18848916888237,0.6178767681121826,0.9021322131156921,0.8428338766098022,0.018177710473537445,0.8579592108726501,0.6124764084815979,0.6516093015670776,0.1367889791727066,0.9930737018585205,0.0,0.0,0.0,0.0,0.0,0.0,0.0,0.0,0.0,0.0,0.0,0.0
46,0.46359696984291077,0.45243626832962036,0.5257060527801514,0.41906628012657166,0.41265538334846497,0.41862496733665466,0.5951882600784302,0.44207414984703064,0.3243063986301422,0.44076356291770935,0.7176232933998108,0.6198356747627258,0.18281304836273193,0.6179951429367065,0.9124818444252014,0.842235803604126,0.019639544188976288,0.8595199584960938,0.5858891606330872,0.6658831834793091,0.12786903977394104,0.997265636920929,0.0,0.0,0.0,0.0,0.0,0.0,0.0,0.0,0.0,0.0,0.0,0.0
47,0.46395325660705566,0.4532528221607208,0.525615930557251,0.41948556900024414,0.41183140873908997,0.41880887746810913,0.5942901372909546,0.44181254506111145,0.32303160429000854,0.4406150281429291,0.7216895222663879,0.618705689907074,0.18517248332500458,0.6164434552192688,0.9191035628318787,0.841244101524353,0.020610131323337555,0.8569212555885315,0.5559705495834351,0.6767879724502563,0.12960870563983917,0.9950602054595947,0.0,0.0,0.0,0.0,0.0,0.0,0.0,0.0,0.0,0.0,0.0,0.0
48,0.46276119351387024,0.4534394145011902,0.5249877572059631,0.41981205344200134,0.41135433316230774,0.41891106963157654,0.5947142839431763,0.4416789412498474,0.32380643486976624,0.43993550539016724,0.7256098985671997,0.6176390051841736,0.18180003762245178,0.616421103477478,0.9244270920753479,0.8388246297836304,0.017911316826939583,0.8554157614707947,0.5376701951026917,0.6864500641822815,0.11920653283596039,0.9898277521133423,0.0,0.0,0.0,0.0,0.0,0.0,0.0,0.0,0.0,0.0,0.0,0.0
49,0.46108314394950867,0.45309001207351685,0.5234038233757019,0.42022886872291565,0.4104430377483368,0.41879957914352417,0.592654824256897,0.44309720396995544,0.32359856367111206,0.4402535557746887,0.7260743975639343,0.6175943613052368,0.17985962331295013,0.6160072088241577,0.9314495325088501,0.8385986089706421,0.018750974908471107,0.8552667498588562,0.5418576002120972,0.6880296468734741,0.12018720805644989,0.9912519454956055,0.0,0.0,0.0,0.0,0.0,0.0,0.0,0.0,0.0,0.0,0.0,0.0
50,0.4596627354621887,0.45304596424102783,0.5216471552848816,0.4201280474662781,0.4080474078655243,0.41897109150886536,0.5903151631355286,0.44279006123542786,0.3201831877231598,0.4407603144645691,0.72617506980896,0.617785632610321,0.17574238777160645,0.6172532439231873,0.9317231774330139,0.8362796902656555,0.0210113525390625,0.856805682182312,0.564538300037384,0.6791622042655945,0.11957274377346039,0.991134524345398,0.0,0.0,0.0,0.0,0.0,0.0,0.0,0.0,0.0,0.0,0.0,0.0
51,0.45640015602111816,0.45366767048835754,0.5195568799972534,0.4203299582004547,0.40399864315986633,0.41963693499565125,0.5893855094909668,0.4447847306728363,0.3155207335948944,0.4437049925327301,0.7212651371955872,0.6181322336196899,0.17695358395576477,0.6202621459960938,0.9367650747299194,0.8377130627632141,0.021746572107076645,0.8615936040878296,0.591994047164917,0.6713607907295227,0.1207512766122818,0.9958669543266296,0.0,0.0,0.0,0.0,0.0,0.0,0.0,0.0,0.0,0.0,0.0,0.0
52,0.45253899693489075,0.4542903006076813,0.5173062086105347,0.4194415509700775,0.4002121686935425,0.4190743863582611,0.5921407341957092,0.4429085850715637,0.31543493270874023,0.4422474801540375,0.7211549282073975,0.6185513734817505,0.18108457326889038,0.6180065274238586,0.9375003576278687,0.8401260375976562,0.016499074175953865,0.8609248995780945,0.6270621418952942,0.6588427424430847,0.12346352636814117,0.993979275226593,0.0,0.0,0.0,0.0,0.0,0.0,0.0,0.0,0.0,0.0,0.0,0.0
53,0.4506615102291107,0.45311975479125977,0.5161668658256531,0.4190835952758789,0.39758411049842834,0.42047423124313354,0.5979147553443909,0.4437359869480133,0.31527018547058105,0.44612056016921997,0.7202231884002686,0.6210912466049194,0.18161405622959137,0.6188639402389526,0.9336251020431519,0.8410526514053345,0.015107854269444942,0.8580129742622375,0.6660376787185669,0.6467386484146118,0.12475628405809402,0.9913089871406555,0.0,0.0,0.0,0.0,0.0,0.0,0.0,0.0,0.0,0.0,0.0,0.0
54,0.452725887298584,0.45348846912384033,0.5127350687980652,0.4193963408470154,0.39905473589897156,0.42030251026153564,0.5813862085342407,0.44115763902664185,0.30803629755973816,0.44263356924057007,0.6876032948493958,0.6191976070404053,0.17915014922618866,0.6169673800468445,0.9340152740478516,0.8382663726806641,0.01725904643535614,0.8623265027999878,0.729066014289856,0.6336828470230103,0.13707882165908813,0.9913625717163086,0.0,0.0,0.0,0.0,0.0,0.0,0.0,0.0,0.0,0.0,0.0,0.0
55,0.45063531398773193,0.4521562457084656,0.5114526748657227,0.4181447923183441,0.39582493901252747,0.41986218094825745,0.5841966867446899,0.4415162205696106,0.3074849843978882,0.4445466101169586,0.7073934078216553,0.6243847608566284,0.16744282841682434,0.6185199022293091,0.9240414500236511,0.842784583568573,0.01951989158987999,0.8635517954826355,0.7895931601524353,0.6246344447135925,0.14098256826400757,0.9902647137641907,0.0,0.0,0.0,0.0,0.0,0.0,0.0,0.0,0.0,0.0,0.0,0.0
56,0.4486444592475891,0.4522865414619446,0.5112544894218445,0.4171479344367981,0.3924926817417145,0.4194938540458679,0.5885286331176758,0.43999558687210083,0.3061700761318207,0.4442741274833679,0.7120300531387329,0.624759316444397,0.16759507358074188,0.6165140271186829,0.9153123497962952,0.8469017148017883,0.021547529846429825,0.8652381896972656,0.8211522698402405,0.6176137924194336,0.0,0.0,0.0,0.0,0.0,0.0,0.0,0.0,0.0,0.0,0.0,0.0,0.0,0.0
57,0.446280837059021,0.45144110918045044,0.5075222849845886,0.4178978204727173,0.39004629850387573,0.4201661944389343,0.586839497089386,0.44337034225463867,0.3066811263561249,0.44792842864990234,0.7178829908370972,0.6287149786949158,0.16642525792121887,0.6145440936088562,0.9046204090118408,0.8476685285568237,0.020961379632353783,0.8628150820732117,0.8482999801635742,0.6151403188705444,0.0,0.0,0.0,0.0,0.0,0.0,0.0,0.0,0.0,0.0,0.0,0.0,0.0,0.0
58,0.4458335041999817,0.4520181715488434,0.5073068141937256,0.4183288514614105,0.38977882266044617,0.42069634795188904,0.5881255269050598,0.44276636838912964,0.3074415326118469,0.44733554124832153,0.7206906080245972,0.6296413540840149,0.16453267633914948,0.6147609353065491,0.8939393758773804,0.8492386341094971,0.0236197579652071,0.8652783036231995,0.854034960269928,0.6125337481498718,0.0,0.0,0.0,0.0,0.0,0.0,0.0,0.0,0.0,0.0,0.0,0.0,0.0,0.0
59,0.44675081968307495,0.4516734480857849,0.5089073181152344,0.41782286763191223,0.39047572016716003,0.42006513476371765,0.5898764729499817,0.44253262877464294,0.3077501952648163,0.4468286633491516,0.7208362221717834,0.6296098828315735,0.16534386575222015,0.6144080758094788,0.8910739421844482,0.8499752283096313,0.024477047845721245,0.8649551272392273,0.8499482870101929,0.6134496331214905,0.0,0.0,0.0,0.0,0.0,0.0,0.0,0.0,0.0,0.0,0.0,0.0,0.0,0.0
60,0.4514003396034241,0.45146816968917847,0.512496292591095,0.41713857650756836,0.3960774838924408,0.41930288076400757,0.5890366435050964,0.43923571705818176,0.3109035789966583,0.443073570728302,0.718474805355072,0.6256540417671204,0.16404643654823303,0.6146272420883179,0.890472948551178,0.8455613851547241,0.025654517114162445,0.8634889721870422,0.8299760818481445,0.6129754185676575,0.13835296034812927,0.9918614029884338,0.0,0.0,0.0,0.0,0.0,0.0,0.0,0.0,0.0,0.0,0.0,0.0
61,0.4533933997154236,0.4517483711242676,0.5155198574066162,0.41706353425979614,0.39825448393821716,0.41927623748779297,0.5913147926330566,0.43872588872909546,0.31122955679893494,0.44240182638168335,0.7118903398513794,0.6238299012184143,0.16581903398036957,0.6150635480880737,0.8867642283439636,0.8489242792129517,0.020349588245153427,0.8644197583198547,0.800171971321106,0.6245315074920654,0.0,0.0,0.0,0.0,0.0,0.0,0.0,0.0,0.0,0.0,0.0,0.0,0.0,0.0
62,0.45723098516464233,0.45226559042930603,0.5177666544914246,0.41729146242141724,0.402163028717041,0.41890352964401245,0.5899083614349365,0.43925318121910095,0.3132385313510895,0.44195520877838135,0.6982781291007996,0.6257907748222351,0.17727504670619965,0.6166321039199829,0.8885399699211121,0.845362663269043,0.017353184521198273,0.859125554561615,0.7497106194496155,0.632908821105957,0.13809946179389954,0.9918058514595032,0.0,0.0,0.0,0.0,0.0,0.0,0.0,0.0,0.0,0.0,0.0,0.0
63,0.45857149362564087,0.45252659916877747,0.5213789343833923,0.4186144769191742,0.40502437949180603,0.4194086492061615,0.5940441489219666,0.44183292984962463,0.3160632252693176,0.442777544260025,0.7085371613502502,0.6210162043571472,0.1768590658903122,0.6150825023651123,0.8959323763847351,0.846967339515686,0.01892327144742012,0.859636664390564,0.6902267336845398,0.643076479434967,0.12962743639945984,0.9945176839828491,0.0,0.0,0.0,0.0,0.0,0.0,0.0,0.0,0.0,0.0,0.0,0.0
64,0.46094486117362976,0.45303595066070557,0.5249689221382141,0.4179612100124359,0.4064517915248871,0.41913825273513794,0.6010800004005432,0.44129881262779236,0.3188212215900421,0.44322624802589417,0.7185492515563965,0.6234235763549805,0.18317031860351562,0.618174135684967,0.9039047956466675,0.8497812151908875,0.011464564129710197,0.857913076877594,0.6409536004066467,0.6607913970947266,0.12929576635360718,0.9918392300605774,0.0,0.0,0.0,0.0,0.0,0.0,0.0,0.0,0.0,0.0,0.0,0.0
65,0.4621434509754181,0.453779399394989,0.5246139764785767,0.4186423420906067,0.408881813287735,0.41944125294685364,0.5966305732727051,0.43973931670188904,0.3188146948814392,0.4409541189670563,0.72001051902771,0.6215819716453552,0.1809602975845337,0.6190239191055298,0.9143889546394348,0.8503677845001221,0.01725056953728199,0.8595880270004272,0.6068518161773682,0.672869861125946,0.12591828405857086,0.9976072907447815,0.0,0.0,0.0,0.0,0.0,0.0,0.0,0.0,0.0,0.0,0.0,0.0
66,0.46369415521621704,0.4531445801258087,0.52440345287323,0.4193519055843353,0.4118668735027313,0.41939786076545715,0.5927743911743164,0.4406971037387848,0.32254427671432495,0.44071993231773376,0.7241412401199341,0.6204726696014404,0.17901581525802612,0.6186913251876831,0.9274181723594666,0.8454473614692688,0.016550615429878235,0.8572317957878113,0.5815404653549194,0.6849592328071594,0.12365875393152237,0.9940218329429626,0.0,0.0,0.0,0.0,0.0,0.0,0.0,0.0,0.0,0.0,0.0,0.0
67,0.46373721957206726,0.45335182547569275,0.5239288806915283,0.4198998808860779,0.41171038150787354,0.4197218120098114,0.5923618078231812,0.43995505571365356,0.32293710112571716,0.43988409638404846,0.7264317870140076,0.6180365085601807,0.18022359907627106,0.6176407933235168,0.9336462020874023,0.8412925601005554,0.017294269055128098,0.8566219806671143,0.5548697113990784,0.6952654123306274,0.1154409646987915,0.9909425973892212,0.0,0.0,0.0,0.0,0.0,0.0,0.0,0.0,0.0,0.0,0.0,0.0
68,0.46206536889076233,0.4525488018989563,0.5220255851745605,0.4196377992630005,0.41025978326797485,0.41948777437210083,0.5917150974273682,0.44025537371635437,0.3239944875240326,0.44041404128074646,0.7270262241363525,0.6166875958442688,0.18347172439098358,0.6167541742324829,0.9358754754066467,0.8381662964820862,0.01865251362323761,0.8547954559326172,0.547269880771637,0.701400876045227,0.11937747895717621,0.9861480593681335,0.0,0.0,0.0,0.0,0.0,0.0,0.0,0.0,0.0,0.0,0.0,0.0
69,0.4609408974647522,0.4521380364894867,0.5204123258590698,0.419501394033432,0.40885546803474426,0.41952648758888245,0.5904274582862854,0.44011595845222473,0.32284408807754517,0.44072455167770386,0.7266796827316284,0.6167514324188232,0.18277299404144287,0.6170127987861633,0.9390299916267395,0.835941731929779,0.018618902191519737,0.8542293906211853,0.5605989098548889,0.7014971971511841,0.12363980710506439,0.9889891147613525,0.0,0.0,0.0,0.0,0.0,0.0,0.0,0.0,0.0,0.0,0.0,0.0
70,0.45824745297431946,0.4519919455051422,0.518562376499176,0.41896745562553406,0.4056708514690399,0.41916391253471375,0.5887889266014099,0.44031384587287903,0.31849241256713867,0.441218763589859,0.7275070548057556,0.6172176599502563,0.17763203382492065,0.618887722492218,0.9437991380691528,0.8354486227035522,0.017135195434093475,0.8562593460083008,0.5855390429496765,0.6920697689056396,0.1250024139881134,0.9922931790351868,0.0,0.0,0.0,0.0,0.0,0.0,0.0,0.0,0.0,0.0,0.0,0.0
71,0.4558388888835907,0.4514375925064087,0.5166264772415161,0.41820287704467773,0.4021543860435486,0.4190116226673126,0.588106095790863,0.4412396550178528,0.31409046053886414,0.44342517852783203,0.7235522866249084,0.6177681088447571,0.1800396591424942,0.6209878325462341,0.9494873285293579,0.8361396789550781,0.018294185400009155,0.8582445383071899,0.619564414024353,0.6805317997932434,0.13073696196079254,0.9936014413833618,0.0,0.0,0.0,0.0,0.0,0.0,0.0,0.0,0.0,0.0,0.0,0.0
72,0.45212021470069885,0.4527689814567566,0.5153420567512512,0.417766273021698,0.3978348672389984,0.4191298484802246,0.5920525789260864,0.4408676028251648,0.3131254315376282,0.44412192702293396,0.7240463495254517,0.6168541312217712,0.18485252559185028,0.6189352869987488,0.9554009437561035,0.8401033282279968,0.011874135583639145,0.8587048053741455,0.647853434085846,0.6709217429161072,0.12624244391918182,0.9921388626098633,0.0,0.0,0.0,0.0,0.0,0.0,0.0,0.0,0.0,0.0,0.0,0.0
73,0.447782039642334,0.45202669501304626,0.5134956240653992,0.41816529631614685,0.3949715495109558,0.41928285360336304,0.5948905944824219,0.44338640570640564,0.3119254410266876,0.4450213611125946,0.7150636911392212,0.6193464994430542,0.18278445303440094,0.619097113609314,0.9521520733833313,0.8392829895019531,0.01223017368465662,0.8579338192939758,0.6818602085113525,0.6531304717063904,0.12874531745910645,0.9913254380226135,0.0,0.0,0.0,0.0,0.0,0.0,0.0,0.0,0.0,0.0,0.0,0.0
74,0.4491209387779236,0.45073816180229187,0.5103317499160767,0.41717958450317383,0.3949703872203827,0.41846412420272827,0.5807024836540222,0.4402179718017578,0.304471880197525,0.44262880086898804,0.6893349885940552,0.6122850775718689,0.17986010015010834,0.6136614680290222,0.9520451426506042,0.8360702395439148,0.015562311746180058,0.8622443079948425,0.7342046499252319,0.6370634436607361,0.13536474108695984,0.9886888861656189,0.0,0.0,0.0,0.0,0.0,0.0,0.0,0.0,0.0,0.0,0.0,0.0
75,0.4469192624092102,0.45078811049461365,0.5071202516555786,0.41652175784111023,0.3912672996520996,0.41917622089385986,0.5811069011688232,0.4386628270149231,0.30339786410331726,0.4439689517021179,0.7071866989135742,0.6191299557685852,0.16982197761535645,0.6179786324501038,0.9383291006088257,0.8382359147071838,0.0157945416867733,0.8640581369400024,0.7881258130073547,0.6274675130844116,0.1376045197248459,0.9883701205253601,0.0,0.0,0.0,0.0,0.0,0.0,0.0,0.0,0.0,0.0,0.0,0.0
76,0.445660263299942,0.45077118277549744,0.5066890120506287,0.4154840409755707,0.3893073499202728,0.41896486282348633,0.5832821130752563,0.4377584457397461,0.3027111887931824,0.44451504945755005,0.7064592838287354,0.6206499934196472,0.17122197151184082,0.6170246005058289,0.9245688319206238,0.8442671298980713,0.017765045166015625,0.8651525974273682,0.8151571154594421,0.6227439641952515,0.13672035932540894,0.9866241812705994,0.0,0.0,0.0,0.0,0.0,0.0,0.0,0.0,0.0,0.0,0.0,0.0
77,0.4453909397125244,0.4508897066116333,0.5061578154563904,0.41491803526878357,0.3877224326133728,0.419028103351593,0.5851430296897888,0.4356304109096527,0.30263128876686096,0.4439297914505005,0.7166602611541748,0.6218357682228088,0.16663165390491486,0.6155989170074463,0.909469485282898,0.8434591293334961,0.022641710937023163,0.865073561668396,0.8323984742164612,0.6113974452018738,0.1404752880334854,0.9886751770973206,0.0,0.0,0.0,0.0,0.0,0.0,0.0,0.0,0.0,0.0,0.0,0.0
78,0.444083571434021,0.4506729245185852,0.5040758848190308,0.4159706234931946,0.3860393166542053,0.4193936288356781,0.5843057632446289,0.43912696838378906,0.3021072745323181,0.4463483691215515,0.7203415036201477,0.6284582614898682,0.16410739719867706,0.6142504215240479,0.8906409740447998,0.8492019772529602,0.020968416705727577,0.8632071018218994,0.8451347351074219,0.6139825582504272,0.12478459626436234,1.0,0.0,0.0,0.0,0.0,0.0,0.0,0.0,0.0,0.0,0.0,0.0,0.0
79,0.44395285844802856,0.450700581073761,0.5043464303016663,0.416003555059433,0.386490136384964,0.41918420791625977,0.5839075446128845,0.43919163942337036,0.30286484956741333,0.4458061456680298,0.7184414863586426,0.6284156441688538,0.16400493681430817,0.6139397025108337,0.8832152485847473,0.8513491153717041,0.022326702252030373,0.8635767102241516,0.8385465741157532,0.6162002682685852,0.12318696081638336,1.0,0.0,0.0,0.0,0.0,0.0,0.0,0.0,0.0,0.0,0.0,0.0,0.0
80,0.44405797123908997,0.45019617676734924,0.5048604011535645,0.41559553146362305,0.38719451427459717,0.4186236262321472,0.5840253829956055,0.43929749727249146,0.3027898967266083,0.4453612267971039,0.7185328006744385,0.6288458108901978,0.16112802922725677,0.6150883436203003,0.8783194422721863,0.8534389734268188,0.020179282873868942,0.8645137548446655,0.8220409750938416,0.6213283538818359,0.0,0.0,0.0,0.0,0.0,0.0,0.0,0.0,0.0,0.0,0.0,0.0,0.0,0.0
81,0.44533732533454895,0.4507584571838379,0.5061614513397217,0.4158696234226227,0.38853150606155396,0.4191456139087677,0.5844862461090088,0.4387010931968689,0.30225279927253723,0.44513052701950073,0.7122067213058472,0.625740110874176,0.16131632030010223,0.6149410605430603,0.8720496892929077,0.8523275852203369,0.017995920032262802,0.8646025061607361,0.7911981344223022,0.6257473826408386,0.12590141594409943,0.9986900091171265,0.0,0.0,0.0,0.0,0.0,0.0,0.0,0.0,0.0,0.0,0.0,0.0
82,0.44717442989349365,0.4514397084712982,0.5092782974243164,0.4151572287082672,0.3905007243156433,0.417999267578125,0.5854356288909912,0.4373508393764496,0.3024580776691437,0.4427551329135895,0.6930772662162781,0.6211154460906982,0.1750507950782776,0.6178971529006958,0.8768652081489563,0.8431480526924133,0.017409473657608032,0.8633108139038086,0.7355580925941467,0.6296079158782959,0.13328492641448975,0.9905029535293579,0.0,0.0,0.0,0.0,0.0,0.0,0.0,0.0,0.0,0.0,0.0,0.0
83,0.447121262550354,0.45188799500465393,0.5092326402664185,0.4173091948032379,0.39238831400871277,0.419069766998291,0.5836565494537354,0.4398391842842102,0.30505040287971497,0.4431619644165039,0.6988850831985474,0.6177374124526978,0.1741941273212433,0.6143454313278198,0.8837153315544128,0.8444469571113586,0.017926109954714775,0.8616853952407837,0.686000406742096,0.6383346319198608,0.1297922283411026,0.9935030341148376,0.0,0.0,0.0,0.0,0.0,0.0,0.0,0.0,0.0,0.0,0.0,0.0
84,0.44457778334617615,0.4518830478191376,0.5113869309425354,0.4170282483100891,0.390117347240448,0.4184233844280243,0.5955795645713806,0.44192516803741455,0.30705735087394714,0.444079726934433,0.7100430130958557,0.6209051012992859,0.1806982308626175,0.617549479007721,0.8916893005371094,0.8471586108207703,0.01179690845310688,0.8607137799263,0.6342437267303467,0.656057596206665,0.12782151997089386,0.9935328364372253,0.0,0.0,0.0,0.0,0.0,0.0,0.0,0.0,0.0,0.0,0.0,0.0
85,0.4495736360549927,0.4517452120780945,0.5117911696434021,0.41737374663352966,0.39612191915512085,0.4185121953487396,0.5862249135971069,0.4403141140937805,0.3106132447719574,0.4426671266555786,0.7114129066467285,0.6189775466918945,0.18118494749069214,0.6185762286186218,0.9063913822174072,0.847429633140564,0.017522303387522697,0.8625289797782898,0.601138710975647,0.6759747266769409,0.12848155200481415,0.9969156980514526,0.0,0.0,0.0,0.0,0.0,0.0,0.0,0.0,0.0,0.0,0.0,0.0
86,0.4503312110900879,0.4527255892753601,0.5130404829978943,0.41876333951950073,0.39736658334732056,0.41892513632774353,0.5843667984008789,0.4417586326599121,0.3093372583389282,0.4422401785850525,0.718013346195221,0.6181218028068542,0.17039230465888977,0.6199125051498413,0.9177601933479309,0.8446030020713806,0.019416257739067078,0.8631020188331604,0.5706100463867188,0.6872989535331726,0.12094379216432571,0.9943300485610962,0.0,0.0,0.0,0.0,0.0,0.0,0.0,0.0,0.0,0.0,0.0,0.0
87,0.45108887553215027,0.45249664783477783,0.5118324756622314,0.4188929498195648,0.39782315492630005,0.41919487714767456,0.5835092067718506,0.4407924711704254,0.31228095293045044,0.442056268453598,0.7204186916351318,0.6186765432357788,0.17791736125946045,0.6184433102607727,0.9210452437400818,0.8420330286026001,0.015649201348423958,0.8568527102470398,0.5406728386878967,0.7007073760032654,0.11524107307195663,0.9886840581893921,0.0,0.0,0.0,0.0,0.0,0.0,0.0,0.0,0.0,0.0,0.0,0.0
88,0.4513169229030609,0.4520632028579712,0.5117400884628296,0.4187774658203125,0.39788109064102173,0.4189787209033966,0.5830427408218384,0.4401180148124695,0.3103669583797455,0.44109219312667847,0.7197819948196411,0.6173490881919861,0.17450252175331116,0.6184746026992798,0.923099935054779,0.8390386700630188,0.015117391012609005,0.855754554271698,0.5239001512527466,0.7084376811981201,0.11435491591691971,0.9850799441337585,0.0,0.0,0.0,0.0,0.0,0.0,0.0,0.0,0.0,0.0,0.0,0.0
89,0.45005276799201965,0.45235559344291687,0.5108249187469482,0.41923293471336365,0.3971678912639618,0.41909104585647583,0.5825116038322449,0.44067153334617615,0.3102004826068878,0.4407409727573395,0.7188935875892639,0.6182163953781128,0.17486585676670074,0.618772566318512,0.9256848096847534,0.8392283320426941,0.014825481921434402,0.8547728061676025,0.525815486907959,0.7102285623550415,0.11596103012561798,0.9829224348068237,0.0,0.0,0.0,0.0,0.0,0.0,0.0,0.0,0.0,0.0,0.0,0.0
90,0.447549432516098,0.4527253210544586,0.5084151029586792,0.41961950063705444,0.39450445771217346,0.41991332173347473,0.5813912153244019,0.44113731384277344,0.3088064193725586,0.4421381950378418,0.7177346348762512,0.6174276471138,0.1761993020772934,0.6185024976730347,0.9278857707977295,0.8391533493995667,0.014300070703029633,0.8554271459579468,0.5420941114425659,0.7065871953964233,0.11726158857345581,0.9858962893486023,0.0,0.0,0.0,0.0,0.0,0.0,0.0,0.0,0.0,0.0,0.0,0.0
91,0.4451170563697815,0.4538794457912445,0.5074588060379028,0.4198763072490692,0.39193472266197205,0.42076700925827026,0.5823069214820862,0.4417143762111664,0.30742648243904114,0.44386276602745056,0.7175674438476562,0.6184596419334412,0.17629030346870422,0.6203650236129761,0.9313304424285889,0.844102680683136,0.019704818725585938,0.8607484698295593,0.5728885531425476,0.6961321234703064,0.12078480422496796,0.9937564730644226,0.0,0.0,0.0,0.0,0.0,0.0,0.0,0.0,0.0,0.0,0.0,0.0
92,0.443703293800354,0.45375412702560425,0.5054960250854492,0.41946515440940857,0.39013394713401794,0.42097797989845276,0.580966591835022,0.441619336605072,0.3063153326511383,0.44511348009109497,0.7153878808021545,0.6179652810096741,0.1805867999792099,0.6221747994422913,0.9288538694381714,0.8414179682731628,0.020095104351639748,0.8624922037124634,0.6072165966033936,0.6849781274795532,0.1269792765378952,0.995245635509491,0.0,0.0,0.0,0.0,0.0,0.0,0.0,0.0,0.0,0.0,0.0,0.0
93,0.4426007568836212,0.45505160093307495,0.5069342851638794,0.419416606426239,0.3872831463813782,0.42124226689338684,0.5873202085494995,0.44128039479255676,0.3031787872314453,0.44515639543533325,0.7135041952133179,0.6184232831001282,0.18386663496494293,0.6206287145614624,0.9289710521697998,0.8429772257804871,0.013535097241401672,0.861794114112854,0.6345296502113342,0.6720046997070312,0.12923994660377502,0.9914234280586243,0.0,0.0,0.0,0.0,0.0,0.0,0.0,0.0,0.0,0.0,0.0,0.0
94,0.4387483298778534,0.45419904589653015,0.5047073364257812,0.41956472396850586,0.38459187746047974,0.4212128520011902,0.5878356695175171,0.44351038336753845,0.30168235301971436,0.44622576236724854,0.7113012075424194,0.6207544207572937,0.17570550739765167,0.6190553903579712,0.9232808351516724,0.8465845584869385,0.01375698484480381,0.861711323261261,0.6740776896476746,0.6530157327651978,0.13401862978935242,0.990033745765686,0.0,0.0,0.0,0.0,0.0,0.0,0.0,0.0,0.0,0.0,0.0,0.0
95,0.44130247831344604,0.45420917868614197,0.5040140151977539,0.4187372326850891,0.38620656728744507,0.42101845145225525,0.5785263180732727,0.43925726413726807,0.2976306974887848,0.44346779584884644,0.685429573059082,0.6123723387718201,0.1759236603975296,0.6140117645263672,0.9254303574562073,0.8416687846183777,0.016400909051299095,0.8668369054794312,0.7283218502998352,0.6345316171646118,0.1385904997587204,0.9902841448783875,0.0,0.0,0.0,0.0,0.0,0.0,0.0,0.0,0.0,0.0,0.0,0.0
96,0.44129231572151184,0.4535500705242157,0.5026809573173523,0.4178939163684845,0.3851214349269867,0.4208447337150574,0.5798209309577942,0.43880560994148254,0.2988276183605194,0.44445985555648804,0.7036823034286499,0.6234387755393982,0.16920378804206848,0.6197842359542847,0.9147133827209473,0.8442131876945496,0.020966719835996628,0.8650276064872742,0.7811295986175537,0.6285724639892578,0.1398635059595108,0.9887416958808899,0.0,0.0,0.0,0.0,0.0,0.0,0.0,0.0,0.0,0.0,0.0,0.0
97,0.4407127797603607,0.45440009236335754,0.5017831921577454,0.4174838066101074,0.3836714029312134,0.42116421461105347,0.5801118612289429,0.43564578890800476,0.29801058769226074,0.4428316056728363,0.7076315879821777,0.6235088109970093,0.16520535945892334,0.6178853511810303,0.903657078742981,0.8459657430648804,0.021950403228402138,0.8663755655288696,0.8101206421852112,0.6199288964271545,0.0,0.0,0.0,0.0,0.0,0.0,0.0,0.0,0.0,0.0,0.0,0.0,0.0,0.0
98,0.44019460678100586,0.45410671830177307,0.5012615919113159,0.4172806739807129,0.3819163739681244,0.4212380647659302,0.5820885300636292,0.4360913336277008,0.2981422543525696,0.44418051838874817,0.7157039046287537,0.6265403032302856,0.16476671397686005,0.6178447008132935,0.8963772058486938,0.847154438495636,0.024451997131109238,0.8663471341133118,0.8277720212936401,0.6105741262435913,0.0,0.0,0.0,0.0,0.0,0.0,0.0,0.0,0.0,0.0,0.0,0.0,0.0,0.0
99,0.4390174150466919,0.4541020393371582,0.4998110234737396,0.4181264042854309,0.38109156489372253,0.4213603138923645,0.5805496573448181,0.4389100968837738,0.29690319299697876,0.44557952880859375,0.7172370553016663,0.6304746270179749,0.160740926861763,0.6161820292472839,0.8932425379753113,0.8524248003959656,0.021800443530082703,0.864841639995575,0.8356335163116455,0.6142323017120361,0.0,0.0,0.0,0.0,0.0,0.0,0.0,0.0,0.0,0.0,0.0,0.0,0.0,0.0
100,0.4399215579032898,0.4538622796535492,0.5003330111503601,0.4180949330329895,0.38261574506759644,0.42122411727905273,0.5799310803413391,0.4383312165737152,0.2976844310760498,0.444629043340683,0.7162730097770691,0.6295408010482788,0.15835058689117432,0.6160078644752502,0.889298677444458,0.8532736301422119,0.020898014307022095,0.8659301996231079,0.8276833295822144,0.6176918148994446,0.0,0.0,0.0,0.0,0.0,0.0,0.0,0.0,0.0,0.0,0.0,0.0,0.0,0.0
101,0.44116729497909546,0.45414525270462036,0.5027430653572083,0.41639986634254456,0.3833577334880829,0.4210452139377594,0.5821418166160583,0.43361741304397583,0.2980545163154602,0.4428843855857849,0.7089888453483582,0.6185740232467651,0.16246013343334198,0.6145565509796143,0.885036289691925,0.8483870029449463,0.019546721130609512,0.868048906326294,0.8027518391609192,0.6237938404083252,0.0,0.0,0.0,0.0,0.0,0.0,0.0,0.0,0.0,0.0,0.0,0.0,0.0,0.0
102,0.441999226808548,0.45376071333885193,0.5040581822395325,0.41692182421684265,0.3852604329586029,0.42078351974487305,0.5824524760246277,0.43584775924682617,0.2980853021144867,0.44314736127853394,0.6979148387908936,0.6192408800125122,0.1678914576768875,0.617022693157196,0.8876603841781616,0.8453409671783447,0.01627502404153347,0.8652180433273315,0.761382520198822,0.6324120759963989,0.13523805141448975,0.991485059261322,0.0,0.0,0.0,0.0,0.0,0.0,0.0,0.0,0.0,0.0,0.0,0.0
103,0.44265079498291016,0.4534960985183716,0.5049661993980408,0.41714832186698914,0.386770635843277,0.42050114274024963,0.5807864665985107,0.4370397627353668,0.29875361919403076,0.4435049891471863,0.6889291405677795,0.6131978631019592,0.176548570394516,0.6127292513847351,0.8972009420394897,0.8465956449508667,0.01605801098048687,0.8636168241500854,0.7049262523651123,0.6379504799842834,0.1363801807165146,0.9943448901176453,0.0,0.0,0.0,0.0,0.0,0.0,0.0,0.0,0.0,0.0,0.0,0.0
104,0.4423121213912964,0.4542255401611328,0.506813108921051,0.4183650314807892,0.3865494132041931,0.42121297121047974,0.5891591310501099,0.4401204288005829,0.3030892610549927,0.44562971591949463,0.7138180136680603,0.6217754483222961,0.17622029781341553,0.6204057931900024,0.8970766663551331,0.848949134349823,0.01331905834376812,0.8623489141464233,0.653393566608429,0.6611835956573486,0.1317201405763626,0.9918584823608398,0.0,0.0,0.0,0.0,0.0,0.0,0.0,0.0,0.0,0.0,0.0,0.0
105,0.44519296288490295,0.4538540840148926,0.5077695846557617,0.4180350601673126,0.38956621289253235,0.42101430892944336,0.5877240300178528,0.43879684805870056,0.3052353858947754,0.44488829374313354,0.714221715927124,0.6194633841514587,0.18164144456386566,0.6206928491592407,0.9035464525222778,0.8501190543174744,0.0160064697265625,0.8629738688468933,0.6252027750015259,0.6856346726417542,0.13409771025180817,0.9988934397697449,0.0,0.0,0.0,0.0,0.0,0.0,0.0,0.0,0.0,0.0,0.0,0.0
106,0.44735047221183777,0.45373937487602234,0.5088950991630554,0.419001042842865,0.39297232031822205,0.42074939608573914,0.5835404992103577,0.4407864511013031,0.30703142285346985,0.4446505904197693,0.7160018682479858,0.6207202672958374,0.17583370208740234,0.621681809425354,0.9118642210960388,0.8488480448722839,0.018128501251339912,0.8615400791168213,0.5834127068519592,0.6952686905860901,0.12567129731178284,0.9963085055351257,0.0,0.0,0.0,0.0,0.0,0.0,0.0,0.0,0.0,0.0,0.0,0.0
107,0.4511614739894867,0.4535176157951355,0.510895311832428,0.4188646674156189,0.3961044251918793,0.42082008719444275,0.5840597152709961,0.4389845132827759,0.3095249533653259,0.4435655474662781,0.7174863815307617,0.6209459900856018,0.17831526696681976,0.6213611364364624,0.9080368876457214,0.8455885052680969,0.01341824047267437,0.8566023111343384,0.5394799709320068,0.7094959020614624,0.11928274482488632,0.9854694604873657,0.0,0.0,0.0,0.0,0.0,0.0,0.0,0.0,0.0,0.0,0.0,0.0
108,0.4524078369140625,0.45365792512893677,0.5120247602462769,0.4194336235523224,0.39798468351364136,0.420602023601532,0.5849668383598328,0.4390126168727875,0.31161361932754517,0.44191551208496094,0.7175026535987854,0.6216562986373901,0.1807747483253479,0.6219589114189148,0.9100825190544128,0.8441213965415955,0.012820052914321423,0.8561649322509766,0.5104465484619141,0.7241136431694031,0.11625552922487259,0.9799631834030151,0.0,0.0,0.0,0.0,0.0,0.0,0.0,0.0,0.0,0.0,0.0,0.0
109,0.45321154594421387,0.4541478455066681,0.5136324763298035,0.41945019364356995,0.397955060005188,0.42027199268341064,0.5870093703269958,0.43928107619285583,0.31078672409057617,0.44154876470565796,0.7179185748100281,0.6203880310058594,0.17992329597473145,0.6219475269317627,0.9080346822738647,0.8427820801734924,0.01413574256002903,0.8574312925338745,0.49987509846687317,0.735099196434021,0.12611736357212067,0.9731785655021667,0.0,0.0,0.0,0.0,0.0,0.0,0.0,0.0,0.0,0.0,0.0,0.0
110,0.45294198393821716,0.45428723096847534,0.5139520764350891,0.41969871520996094,0.3978593647480011,0.4202156364917755,0.5875069499015808,0.4400438368320465,0.31026169657707214,0.44152310490608215,0.7185946702957153,0.6216185092926025,0.1776854693889618,0.6225979924201965,0.9026938676834106,0.8442322611808777,0.015301047824323177,0.8575657606124878,0.4972466230392456,0.7364457845687866,0.12367566674947739,0.9722469449043274,0.0,0.0,0.0,0.0,0.0,0.0,0.0,0.0,0.0,0.0,0.0,0.0
111,0.45238274335861206,0.4540852904319763,0.5130199790000916,0.41999322175979614,0.39837488532066345,0.4205237329006195,0.5866043567657471,0.4401780962944031,0.31163930892944336,0.4414573609828949,0.717795729637146,0.62296462059021,0.17846208810806274,0.6225477457046509,0.9017035961151123,0.8442556858062744,0.015796873718500137,0.8568088412284851,0.5073277950286865,0.72528076171875,0.12229181826114655,0.9805843830108643,0.0,0.0,0.0,0.0,0.0,0.0,0.0,0.0,0.0,0.0,0.0,0.0
112,0.4521961212158203,0.45414039492607117,0.51288902759552,0.4196228086948395,0.39755621552467346,0.42073488235473633,0.5856249928474426,0.4402899742126465,0.3093644976615906,0.4428613781929016,0.7152101397514343,0.6216894388198853,0.17915010452270508,0.6219243407249451,0.9043494462966919,0.8466905951499939,0.015079285949468613,0.858084499835968,0.5323259830474854,0.7107992172241211,0.1182827427983284,0.9842737317085266,0.0,0.0,0.0,0.0,0.0,0.0,0.0,0.0,0.0,0.0,0.0,0.0
113,0.45032382011413574,0.45571595430374146,0.5128546953201294,0.4206019341945648,0.39636775851249695,0.4212661683559418,0.5854091644287109,0.44258689880371094,0.308790922164917,0.4441925883293152,0.7179479002952576,0.6221532225608826,0.17484915256500244,0.6228987574577332,0.9078403115272522,0.8495456576347351,0.018861135467886925,0.8627418279647827,0.564912736415863,0.6947903037071228,0.11771668493747711,0.9897486567497253,0.0,0.0,0.0,0.0,0.0,0.0,0.0,0.0,0.0,0.0,0.0,0.0
114,0.449995756149292,0.4557395875453949,0.512300968170166,0.4194546639919281,0.39425361156463623,0.421090304851532,0.5853707194328308,0.44112348556518555,0.30640071630477905,0.44503796100616455,0.7132279872894287,0.6202364563941956,0.17915786802768707,0.6212476491928101,0.9131697416305542,0.8514951467514038,0.01618313230574131,0.8645151257514954,0.60826575756073,0.6860288381576538,0.12807968258857727,0.9952163696289062,0.0,0.0,0.0,0.0,0.0,0.0,0.0,0.0,0.0,0.0,0.0,0.0
115,0.44793301820755005,0.4548521041870117,0.5125884413719177,0.4187723994255066,0.39100658893585205,0.4211837649345398,0.5931145548820496,0.4423719346523285,0.3051474094390869,0.4474392831325531,0.7136854529380798,0.6223850250244141,0.1829870045185089,0.6201978921890259,0.9058030843734741,0.8508814573287964,0.013532595708966255,0.8613530993461609,0.6437245607376099,0.6670264601707458,0.1331610381603241,0.992509663105011,0.0,0.0,0.0,0.0,0.0,0.0,0.0,0.0,0.0,0.0,0.0,0.0
116,0.4470204710960388,0.45319709181785583,0.5102043151855469,0.41934412717819214,0.3915274739265442,0.42119312286376953,0.5869767069816589,0.44426125288009644,0.3042900860309601,0.44770878553390503,0.7052834630012512,0.622262716293335,0.17608635127544403,0.618855893611908,0.9018728137016296,0.8483496308326721,0.018314404413104057,0.8630132675170898,0.6838670969009399,0.6488778591156006,0.14755842089653015,0.9929397702217102,0.0,0.0,0.0,0.0,0.0,0.0,0.0,0.0,0.0,0.0,0.0,0.0
117,0.4467431902885437,0.4532318115234375,0.5078046917915344,0.4180278182029724,0.39031320810317993,0.42075368762016296,0.5818052887916565,0.4402417242527008,0.30127671360969543,0.44552794098854065,0.6916452050209045,0.6220855712890625,0.1740627884864807,0.6192674040794373,0.8965802192687988,0.8459428548812866,0.020623313263058662,0.8663421869277954,0.736368715763092,0.6340643167495728,0.14721012115478516,0.9894556403160095,0.0,0.0,0.0,0.0,0.0,0.0,0.0,0.0,0.0,0.0,0.0,0.0
118,0.44602668285369873,0.45228853821754456,0.5063021779060364,0.4172021746635437,0.3885554075241089,0.4210192561149597,0.5830587148666382,0.43788036704063416,0.3006233274936676,0.44533872604370117,0.7058043479919434,0.6248538494110107,0.1669670194387436,0.6184011697769165,0.878734827041626,0.8477121591567993,0.02583262138068676,0.865787923336029,0.7847370505332947,0.6192546486854553,0.14290110766887665,0.9865192770957947,0.0,0.0,0.0,0.0,0.0,0.0,0.0,0.0,0.0,0.0,0.0,0.0
119,0.44460076093673706,0.4521019160747528,0.5044986009597778,0.417977899312973,0.3876701593399048,0.4212498962879181,0.5830305814743042,0.44044649600982666,0.3012601435184479,0.44681358337402344,0.7163670659065247,0.6302394270896912,0.16052232682704926,0.61687171459198,0.877413272857666,0.8547560572624207,0.0212843157351017,0.8655793070793152,0.8099426031112671,0.6197435855865479,0.13018451631069183,1.0,0.0,0.0,0.0,0.0,0.0,0.0,0.0,0.0,0.0,0.0,0.0,0.0
120,0.44459235668182373,0.4536755681037903,0.5047358274459839,0.41719162464141846,0.38620859384536743,0.4217056334018707,0.584795355796814,0.43516838550567627,0.3007186949253082,0.4441993832588196,0.7173185348510742,0.6255252957344055,0.16179627180099487,0.6179838180541992,0.8614321351051331,0.8462530374526978,0.028255462646484375,0.8693240880966187,0.8120973706245422,0.6055667400360107,0.1431168019771576,0.9923772811889648,0.0,0.0,0.0,0.0,0.0,0.0,0.0,0.0,0.0,0.0,0.0,0.0
121,0.4438892900943756,0.4530099928379059,0.503454327583313,0.4182489514350891,0.38651296496391296,0.42187976837158203,0.5821952819824219,0.4389887750148773,0.301223486661911,0.4463483989238739,0.7189775705337524,0.6280001997947693,0.15911991894245148,0.6157004237174988,0.8603371381759644,0.8521366715431213,0.02422112412750721,0.8684738278388977,0.8099112510681152,0.6110223531723022,0.12998975813388824,1.0,0.0,0.0,0.0,0.0,0.0,0.0,0.0,0.0,0.0,0.0,0.0,0.0
122,0.44452738761901855,0.45329779386520386,0.505192220211029,0.416678249835968,0.38653209805488586,0.4212786853313446,0.5843620896339417,0.4346610903739929,0.3005579113960266,0.44383248686790466,0.7105192542076111,0.6207953095436096,0.16411346197128296,0.6160324215888977,0.8583894968032837,0.8452644348144531,0.026610268279910088,0.8694221377372742,0.7926486730575562,0.6101566553115845,0.14195692539215088,0.9922544360160828,0.0,0.0,0.0,0.0,0.0,0.0,0.0,0.0,0.0,0.0,0.0,0.0
123,0.44356346130371094,0.45331162214279175,0.5060340166091919,0.4171586036682129,0.3870851397514343,0.42071783542633057,0.5854178667068481,0.43731364607810974,0.29988622665405273,0.4437088966369629,0.6937915086746216,0.6220525503158569,0.17126651108264923,0.6177898645401001,0.8612349033355713,0.8461513519287109,0.024958673864603043,0.8684513568878174,0.7609446048736572,0.6172430515289307,0.1400388479232788,0.9897281527519226,0.0,0.0,0.0,0.0,0.0,0.0,0.0,0.0,0.0,0.0,0.0,0.0
124,0.4452197849750519,0.4527393579483032,0.5075350999832153,0.4176012873649597,0.3896346986293793,0.420320063829422,0.5833214521408081,0.4400688111782074,0.30184581875801086,0.4450993835926056,0.6899023056030273,0.6196619868278503,0.17630547285079956,0.6173792481422424,0.8749026656150818,0.8428934812545776,0.02300754189491272,0.8654346466064453,0.7070294618606567,0.6236650347709656,0.1444145143032074,0.9922443628311157,0.0,0.0,0.0,0.0,0.0,0.0,0.0,0.0,0.0,0.0,0.0,0.0
125,0.4459553360939026,0.45399266481399536,0.5099520087242126,0.4181155264377594,0.390549898147583,0.4204040765762329,0.5889685750007629,0.44023507833480835,0.30410027503967285,0.4444234073162079,0.7068542242050171,0.6220225691795349,0.17559175193309784,0.6193794012069702,0.8807032704353333,0.8478536605834961,0.021112654358148575,0.8640902042388916,0.6537811756134033,0.6442602872848511,0.1421806365251541,0.9957922697067261,0.0,0.0,0.0,0.0,0.0,0.0,0.0,0.0,0.0,0.0,0.0,0.0
126,0.4496665894985199,0.45372533798217773,0.5130561590194702,0.4174896478652954,0.39355820417404175,0.42029890418052673,0.5911754369735718,0.43909233808517456,0.30653735995292664,0.4447377324104309,0.7121609449386597,0.6206701397895813,0.18184487521648407,0.6196669936180115,0.8901320099830627,0.8521597385406494,0.018089929595589638,0.8629543781280518,0.62760990858078,0.663107693195343,0.12987861037254333,0.9916425943374634,0.0,0.0,0.0,0.0,0.0,0.0,0.0,0.0,0.0,0.0,0.0,0.0
127,0.44868943095207214,0.4537419378757477,0.5109700560569763,0.41869938373565674,0.39488956332206726,0.42014485597610474,0.583037793636322,0.44111987948417664,0.306688517332077,0.4441143870353699,0.7125189900398254,0.618830680847168,0.1753918081521988,0.6200571060180664,0.9061854481697083,0.8512624502182007,0.01815321110188961,0.8640174865722656,0.5907161235809326,0.67631995677948,0.12738914787769318,0.9944698214530945,0.0,0.0,0.0,0.0,0.0,0.0,0.0,0.0,0.0,0.0,0.0,0.0
128,0.44979366660118103,0.45414724946022034,0.5109624862670898,0.4191274046897888,0.39585477113723755,0.42025816440582275,0.5815633535385132,0.4400443136692047,0.30680903792381287,0.4427594542503357,0.7167865037918091,0.6191698908805847,0.17157135903835297,0.6203309297561646,0.9147655963897705,0.8495838046073914,0.02008751779794693,0.8637571930885315,0.5605126023292542,0.6889104247093201,0.12013613432645798,0.9965707659721375,0.0,0.0,0.0,0.0,0.0,0.0,0.0,0.0,0.0,0.0,0.0,0.0
129,0.4494626224040985,0.45360082387924194,0.5099684000015259,0.4192112386226654,0.39484167098999023,0.42046213150024414,0.5824844241142273,0.43937045335769653,0.3067750632762909,0.4425109028816223,0.7177426218986511,0.6187726259231567,0.1749473661184311,0.6204374432563782,0.9218679070472717,0.8432825207710266,0.016060171648859978,0.85967618227005,0.5363771319389343,0.7011416554450989,0.11951705068349838,0.9888361096382141,0.0,0.0,0.0,0.0,0.0,0.0,0.0,0.0,0.0,0.0,0.0,0.0
130,0.44917067885398865,0.45365697145462036,0.5093640685081482,0.4195740818977356,0.3951285481452942,0.42056143283843994,0.5820000767707825,0.43883076310157776,0.3069632947444916,0.44130247831344604,0.7176108360290527,0.6169557571411133,0.1762666553258896,0.6208438873291016,0.9297909140586853,0.8383324146270752,0.017512088641524315,0.8576101064682007,0.5257861018180847,0.7138040661811829,0.12147793173789978,0.9839295148849487,0.0,0.0,0.0,0.0,0.0,0.0,0.0,0.0,0.0,0.0,0.0,0.0
131,0.4491323232650757,0.45398029685020447,0.5092000961303711,0.42003053426742554,0.3941839635372162,0.4208233952522278,0.5816425085067749,0.4396020174026489,0.30575424432754517,0.4420476257801056,0.7185856103897095,0.6162053942680359,0.17698229849338531,0.6203762292861938,0.9347701072692871,0.8366402387619019,0.017578380182385445,0.8586576581001282,0.5240775942802429,0.7149935364723206,0.12823130190372467,0.9837089776992798,0.0,0.0,0.0,0.0,0.0,0.0,0.0,0.0,0.0,0.0,0.0,0.0
132,0.4483225643634796,0.45431089401245117,0.507813036441803,0.4199369549751282,0.3934551179409027,0.4211908280849457,0.5796627402305603,0.43844643235206604,0.30517229437828064,0.4419735372066498,0.7214953899383545,0.6159799098968506,0.17559882998466492,0.6222023367881775,0.9399149417877197,0.8333734273910522,0.020310889929533005,0.85878986120224,0.538532018661499,0.70830237865448,0.1209665909409523,0.986564040184021,0.0,0.0,0.0,0.0,0.0,0.0,0.0,0.0,0.0,0.0,0.0,0.0
133,0.4467047154903412,0.4545917510986328,0.506237268447876,0.41980430483818054,0.3910565674304962,0.42156630754470825,0.5787345170974731,0.4385714530944824,0.30304810404777527,0.44343480467796326,0.7201808094978333,0.6146653890609741,0.17686353623867035,0.6218454241752625,0.9445538520812988,0.8315736651420593,0.021524811163544655,0.8610307574272156,0.5617838501930237,0.6941318511962891,0.1249103993177414,0.9941263794898987,0.0,0.0,0.0,0.0,0.0,0.0,0.0,0.0,0.0,0.0,0.0,0.0
134,0.44262033700942993,0.45462217926979065,0.5034868717193604,0.4198376536369324,0.3884839713573456,0.4214702546596527,0.5764750838279724,0.4398707449436188,0.3019298017024994,0.4439437985420227,0.717097818851471,0.615468442440033,0.17577096819877625,0.6241687536239624,0.9491590857505798,0.8344348669052124,0.025476710870862007,0.8657053112983704,0.598111629486084,0.6817655563354492,0.13560375571250916,0.9950393438339233,0.0,0.0,0.0,0.0,0.0,0.0,0.0,0.0,0.0,0.0,0.0,0.0
135,0.4415343403816223,0.4536324441432953,0.503037691116333,0.4183715283870697,0.3858764171600342,0.4211500287055969,0.5798628926277161,0.43914303183555603,0.3003312051296234,0.4456021189689636,0.7133453488349915,0.6137199997901917,0.18071873486042023,0.6211789846420288,0.9470781087875366,0.8355175256729126,0.018028853461146355,0.8648680448532104,0.6384090781211853,0.6635931134223938,0.13707801699638367,0.991766631603241,0.0,0.0,0.0,0.0,0.0,0.0,0.0,0.0,0.0,0.0,0.0,0.0
136,0.4359259009361267,0.45436251163482666,0.5009565353393555,0.41864749789237976,0.37991952896118164,0.4216102659702301,0.586330771446228,0.4414772093296051,0.29744482040405273,0.4475414454936981,0.713396430015564,0.6205717325210571,0.1778516322374344,0.6234411001205444,0.9441603422164917,0.8390964269638062,0.014477242715656757,0.8640576004981995,0.6723142862319946,0.644375205039978,0.1386391520500183,0.9900215268135071,0.0,0.0,0.0,0.0,0.0,0.0,0.0,0.0,0.0,0.0,0.0,0.0
137,0.43898242712020874,0.454647958278656,0.4992983341217041,0.41856157779693604,0.3822652995586395,0.42183440923690796,0.5722519159317017,0.43828678131103516,0.2921462655067444,0.44522324204444885,0.6836262941360474,0.613966166973114,0.17568092048168182,0.6189790964126587,0.9409695863723755,0.8367658853530884,0.018920473754405975,0.8696258664131165,0.7280256748199463,0.6256372332572937,0.14304250478744507,0.9888038635253906,0.0,0.0,0.0,0.0,0.0,0.0,0.0,0.0,0.0,0.0,0.0,0.0
138,0.4388599991798401,0.4537545442581177,0.49811694025993347,0.41744422912597656,0.38066422939300537,0.421558678150177,0.5725686550140381,0.4374566972255707,0.29143279790878296,0.4461204707622528,0.697594404220581,0.6212915778160095,0.1688489317893982,0.6218577027320862,0.9343834519386292,0.8408762216567993,0.02066955529153347,0.8692911267280579,0.7877177000045776,0.6187804341316223,0.14950838685035706,0.9870554208755493,0.0,0.0,0.0,0.0,0.0,0.0,0.0,0.0,0.0,0.0,0.0,0.0
139,0.43787896633148193,0.4536919593811035,0.4969389736652374,0.4171670973300934,0.37941980361938477,0.42186442017555237,0.5720340609550476,0.43702173233032227,0.2914368808269501,0.4468231499195099,0.700080394744873,0.6221317052841187,0.1651591956615448,0.6203569769859314,0.9189377427101135,0.8421316146850586,0.02233310230076313,0.8679670691490173,0.809059202671051,0.6109855771064758,0.15199722349643707,0.9866146445274353,0.0,0.0,0.0,0.0,0.0,0.0,0.0,0.0,0.0,0.0,0.0,0.0
140,0.4389166235923767,0.4533778429031372,0.49793702363967896,0.41652292013168335,0.3796709179878235,0.42152100801467896,0.5730490684509277,0.4360298216342926,0.2916993796825409,0.44664105772972107,0.7028021812438965,0.6198285818099976,0.1641739308834076,0.6177970767021179,0.913060188293457,0.8421667814254761,0.023393036797642708,0.8682172894477844,0.8230048418045044,0.6079939007759094,0.0,0.0,0.0,0.0,0.0,0.0,0.0,0.0,0.0,0.0,0.0,0.0,0.0,0.0
141,0.43969810009002686,0.45372191071510315,0.49871447682380676,0.41663259267807007,0.38003191351890564,0.4218072295188904,0.5749536156654358,0.43544667959213257,0.2923394441604614,0.44637617468833923,0.7071401476860046,0.6228650808334351,0.1631891429424286,0.6185736060142517,0.8987866044044495,0.843449592590332,0.024912813678383827,0.8670936822891235,0.8207823634147644,0.6043232679367065,0.1459256112575531,0.9865314364433289,0.0,0.0,0.0,0.0,0.0,0.0,0.0,0.0,0.0,0.0,0.0,0.0
142,0.44115227460861206,0.45349034667015076,0.5002126097679138,0.4167312681674957,0.38221630454063416,0.42176517844200134,0.5758562684059143,0.4354373812675476,0.29453667998313904,0.44598057866096497,0.7061980962753296,0.6215450167655945,0.16405457258224487,0.6178032159805298,0.893906831741333,0.8429338335990906,0.0238028634339571,0.8653873205184937,0.8044995069503784,0.6090015172958374,0.14165005087852478,0.9840301275253296,0.0,0.0,0.0,0.0,0.0,0.0,0.0,0.0,0.0,0.0,0.0,0.0
143,0.44294026494026184,0.4530649483203888,0.5031768679618835,0.4167855381965637,0.3846183717250824,0.4213453531265259,0.5802710652351379,0.43643078207969666,0.2965860068798065,0.4456526041030884,0.7029399275779724,0.6224682331085205,0.16640649735927582,0.6192457675933838,0.8890860676765442,0.8439127206802368,0.02293107844889164,0.8657459020614624,0.7808302044868469,0.6156361103057861,0.14108780026435852,0.9860402941703796,0.0,0.0,0.0,0.0,0.0,0.0,0.0,0.0,0.0,0.0,0.0,0.0
144,0.4456172585487366,0.45324212312698364,0.5061532258987427,0.4168882369995117,0.3880646824836731,0.42053958773612976,0.5799809098243713,0.4377819001674652,0.29678595066070557,0.4449571669101715,0.6779122948646545,0.6209100484848022,0.18112187087535858,0.6198102235794067,0.8932105302810669,0.8417413830757141,0.020689349621534348,0.8647632598876953,0.724241316318512,0.6215986013412476,0.15038873255252838,0.9891806244850159,0.0,0.0,0.0,0.0,0.0,0.0,0.0,0.0,0.0,0.0,0.0,0.0
145,0.4456561505794525,0.45183223485946655,0.5068799257278442,0.4178845286369324,0.3893357217311859,0.4199793040752411,0.5824781656265259,0.4424881041049957,0.300069659948349,0.44729167222976685,0.7074171304702759,0.6239601373672485,0.17301711440086365,0.6164382696151733,0.8940525054931641,0.8494764566421509,0.021270496770739555,0.8611339926719666,0.6683327555656433,0.635152280330658,0.12220751494169235,0.9956987500190735,0.0,0.0,0.0,0.0,0.0,0.0,0.0,0.0,0.0,0.0,0.0,0.0
146,0.4537351727485657,0.4542388916015625,0.5149898529052734,0.4175487458705902,0.3957335948944092,0.4207562804222107,0.5902888178825378,0.4372257590293884,0.3059014081954956,0.4443715214729309,0.7126593589782715,0.6200922131538391,0.18323656916618347,0.6208433508872986,0.8961920738220215,0.8439983129501343,0.02131279930472374,0.8615248203277588,0.6304964423179626,0.6563056707382202,0.1310914307832718,0.9862862229347229,0.0,0.0,0.0,0.0,0.0,0.0,0.0,0.0,0.0,0.0,0.0,0.0
147,0.4542587697505951,0.4539698660373688,0.5137097239494324,0.4191230237483978,0.3980843424797058,0.4210590422153473,0.5821701288223267,0.44060859084129333,0.3062886595726013,0.44552984833717346,0.7131015062332153,0.6193109750747681,0.17638574540615082,0.6215998530387878,0.9095373153686523,0.846060037612915,0.02024943009018898,0.863625168800354,0.5910196900367737,0.672401487827301,0.12585681676864624,0.9922016263008118,0.0,0.0,0.0,0.0,0.0,0.0,0.0,0.0,0.0,0.0,0.0,0.0
148,0.45646804571151733,0.453798770904541,0.514065146446228,0.4195556044578552,0.40094834566116333,0.4213990569114685,0.5808810591697693,0.4401908814907074,0.3103627860546112,0.44522613286972046,0.7179328799247742,0.620198130607605,0.17439693212509155,0.6221128702163696,0.9164225459098816,0.8442959189414978,0.018105486407876015,0.861365020275116,0.5543975830078125,0.6887944340705872,0.12185681611299515,0.9905058145523071,0.0,0.0,0.0,0.0,0.0,0.0,0.0,0.0,0.0,0.0,0.0,0.0
149,0.45749515295028687,0.4537917971611023,0.5147169232368469,0.4193991720676422,0.40202993154525757,0.42111989855766296,0.5820116996765137,0.4380694329738617,0.3107793629169464,0.44269055128097534,0.7219387292861938,0.6211000680923462,0.17376182973384857,0.6225121021270752,0.9245266318321228,0.8424327969551086,0.014584393240511417,0.8564260601997375,0.5290148854255676,0.7056735754013062,0.11783180385828018,0.9831167459487915,0.0,0.0,0.0,0.0,0.0,0.0,0.0,0.0,0.0,0.0,0.0,0.0
150,0.4581752419471741,0.45361822843551636,0.5148634314537048,0.4196203649044037,0.4022953510284424,0.42098015546798706,0.5822190642356873,0.43868258595466614,0.3116212487220764,0.4429427981376648,0.7224975824356079,0.6188841462135315,0.1785232275724411,0.6210792660713196,0.9301615357398987,0.8375465869903564,0.01454052422195673,0.8543356657028198,0.5201161503791809,0.7160056829452515,0.12266247719526291,0.9811807870864868,0.0,0.0,0.0,0.0,0.0,0.0,0.0,0.0,0.0,0.0,0.0,0.0
151,0.4574835002422333,0.4532065689563751,0.5139424204826355,0.4196566641330719,0.4009316563606262,0.4211607277393341,0.5819053649902344,0.4386841654777527,0.3101827800273895,0.44340914487838745,0.7203975915908813,0.6164615750312805,0.18023458123207092,0.6206857562065125,0.9332277178764343,0.8320831060409546,0.02002054825425148,0.8547590374946594,0.5305506587028503,0.717909038066864,0.13328106701374054,0.9820186495780945,0.0,0.0,0.0,0.0,0.0,0.0,0.0,0.0,0.0,0.0,0.0,0.0
152,0.4559350907802582,0.45341959595680237,0.5127208232879639,0.4201078712940216,0.39971843361854553,0.4212961196899414,0.5803942680358887,0.43991512060165405,0.30981341004371643,0.4441121220588684,0.7235510945320129,0.6181759238243103,0.17792215943336487,0.6210516691207886,0.9395285844802856,0.8329259753227234,0.020760556682944298,0.8547935485839844,0.549579381942749,0.7092832326889038,0.12866376340389252,0.9845280051231384,0.0,0.0,0.0,0.0,0.0,0.0,0.0,0.0,0.0,0.0,0.0,0.0
153,0.4538819193840027,0.453817218542099,0.5107827186584473,0.4195784032344818,0.39694222807884216,0.42170143127441406,0.5784950256347656,0.43888065218925476,0.3060048520565033,0.44503253698349,0.7199885249137878,0.6168498992919922,0.17723822593688965,0.6228941082954407,0.951701283454895,0.8335535526275635,0.020190302282571793,0.8605597019195557,0.5867425799369812,0.6947153210639954,0.13476631045341492,0.9895685911178589,0.0,0.0,0.0,0.0,0.0,0.0,0.0,0.0,0.0,0.0,0.0,0.0
154,0.45035773515701294,0.45440468192100525,0.5095966458320618,0.4200590252876282,0.3949783742427826,0.4215025305747986,0.5787140130996704,0.4402591586112976,0.30538126826286316,0.4444609582424164,0.7201908230781555,0.6164785623550415,0.17576274275779724,0.6245428919792175,0.9597204327583313,0.8318569660186768,0.022443559020757675,0.8625757694244385,0.6308649182319641,0.6824199557304382,0.13180576264858246,0.9897823333740234,0.0,0.0,0.0,0.0,0.0,0.0,0.0,0.0,0.0,0.0,0.0,0.0
155,0.4480704367160797,0.45404598116874695,0.5083764791488647,0.41967830061912537,0.39204612374305725,0.42231711745262146,0.5828680992126465,0.4413708746433258,0.30492210388183594,0.44765204191207886,0.714019238948822,0.615818202495575,0.1795334666967392,0.6224457025527954,0.9604783654212952,0.8344061374664307,0.01236877404153347,0.8628857135772705,0.6621922850608826,0.6625818014144897,0.14073707163333893,0.9841400384902954,0.0,0.0,0.0,0.0,0.0,0.0,0.0,0.0,0.0,0.0,0.0,0.0
156,0.44764184951782227,0.4543665051460266,0.5084245800971985,0.42014560103416443,0.390093058347702,0.42245978116989136,0.5810279846191406,0.44207069277763367,0.29826661944389343,0.44732335209846497,0.6915196776390076,0.616921603679657,0.17875395715236664,0.61967933177948,0.9618687629699707,0.8355461359024048,0.014014815911650658,0.864165186882019,0.7185887694358826,0.6400755047798157,0.1372358500957489,0.9820181131362915,0.0,0.0,0.0,0.0,0.0,0.0,0.0,0.0,0.0,0.0,0.0,0.0
157,0.44671210646629333,0.4528754651546478,0.5055479407310486,0.4182814955711365,0.3897380530834198,0.4212404489517212,0.5751794576644897,0.4398671090602875,0.29862794280052185,0.44644540548324585,0.6936390995979309,0.6136878728866577,0.1738690733909607,0.6168699860572815,0.9613483548164368,0.8362131714820862,0.01757269911468029,0.8680874109268188,0.7918392419815063,0.6291292309761047,0.14161668717861176,0.9861240983009338,0.0,0.0,0.0,0.0,0.0,0.0,0.0,0.0,0.0,0.0,0.0,0.0
158,0.4450286328792572,0.4524855613708496,0.5038577318191528,0.4177207052707672,0.3873966932296753,0.420955091714859,0.5785496830940247,0.43908795714378357,0.2995821237564087,0.4461769461631775,0.7140410542488098,0.6262848377227783,0.16858941316604614,0.6237104535102844,0.954663872718811,0.8386707305908203,0.019945526495575905,0.8671838641166687,0.8159390091896057,0.6193805932998657,0.0,0.0,0.0,0.0,0.0,0.0,0.0,0.0,0.0,0.0,0.0,0.0,0.0,0.0
159,0.444574773311615,0.452475368976593,0.5019583702087402,0.41879358887672424,0.3873622715473175,0.42245301604270935,0.5773922801017761,0.4396900236606598,0.30047446489334106,0.4477607011795044,0.7200905680656433,0.6237632632255554,0.16253960132598877,0.6163791418075562,0.9450244903564453,0.8471099734306335,0.02106458880007267,0.8696969747543335,0.8461195230484009,0.616192638874054,0.0,0.0,0.0,0.0,0.0,0.0,0.0,0.0,0.0,0.0,0.0,0.0,0.0,0.0
160,0.4440845847129822,0.4528810381889343,0.5024517774581909,0.4184395670890808,0.3860511779785156,0.422228068113327,0.5804331302642822,0.4385729730129242,0.29908308386802673,0.44661659002304077,0.7204993367195129,0.6285075545310974,0.16357040405273438,0.6187368631362915,0.9367587566375732,0.8464288711547852,0.022309070453047752,0.8695312738418579,0.8576560020446777,0.6034085154533386,0.0,0.0,0.0,0.0,0.0,0.0,0.0,0.0,0.0,0.0,0.0,0.0,0.0,0.0
161,0.44448140263557434,0.45290058851242065,0.503108561038971,0.4182150959968567,0.38578569889068604,0.42212820053100586,0.5819877982139587,0.43854475021362305,0.2991054058074951,0.44694167375564575,0.7221693396568298,0.6289396286010742,0.165745347738266,0.617935299873352,0.9311196804046631,0.8448494076728821,0.023110240697860718,0.867367148399353,0.8626887202262878,0.6001480221748352,0.0,0.0,0.0,0.0,0.0,0.0,0.0,0.0,0.0,0.0,0.0,0.0,0.0,0.0
162,0.44539371132850647,0.4523698687553406,0.5038984417915344,0.41759413480758667,0.3862158954143524,0.4218934178352356,0.5824815630912781,0.43827924132347107,0.29981935024261475,0.44762057065963745,0.7243603467941284,0.6288196444511414,0.16533996164798737,0.6176815032958984,0.9220579266548157,0.8461195230484009,0.020886357873678207,0.8668938279151917,0.8577983379364014,0.6008684039115906,0.0,0.0,0.0,0.0,0.0,0.0,0.0,0.0,0.0,0.0,0.0,0.0,0.0,0.0
