,0,1,2,3,4,5,6,7,8,9,10,11,12,13,14,15,16,17,18,19,20,21,22,23,24,25,26,27,28,29,30,31,32,33
0,0.4201427102088928,0.5123904347419739,0.44394025206565857,0.49490880966186523,0.3686674237251282,0.4815077781677246,0.0,0.0,0.2388046532869339,0.483908087015152,0.360105037689209,0.6208652853965759,0.14743225276470184,0.623316764831543,0.45606276392936707,0.7498074769973755,0.2248389720916748,0.8478403091430664,0.5102773308753967,0.6439846754074097,0.6165353059768677,0.7351608276367188,0.44548875093460083,0.9633572101593018,0.298780232667923,0.9881733655929565,0.0,0.0,0.0,0.0,0.0,0.0,0.0,0.0
1,0.4168397784233093,0.5121359825134277,0.44052615761756897,0.4944143295288086,0.36703288555145264,0.4819614589214325,0.0,0.0,0.23613286018371582,0.4861735701560974,0.3648184835910797,0.6224821209907532,0.1468767523765564,0.6223671436309814,0.46497318148612976,0.7438211441040039,0.2736585736274719,0.8304241895675659,0.5021358728408813,0.639234185218811,0.6652896404266357,0.7308809161186218,0.43862560391426086,0.9581397771835327,0.283469557762146,0.9828262329101562,0.0,0.0,0.0,0.0,0.0,0.0,0.0,0.0
2,0.40381336212158203,0.5102807879447937,0.4352666139602661,0.4949784278869629,0.3587435483932495,0.4807971119880676,0.0,0.0,0.23395060002803802,0.4857361912727356,0.356386661529541,0.6265533566474915,0.1345088928937912,0.622938334941864,0.4633028209209442,0.7442434430122375,0.30361777544021606,0.8108961582183838,0.4962816536426544,0.6406876444816589,0.7195059657096863,0.7268125414848328,0.4510971009731293,0.9642763137817383,0.2933139503002167,0.9888006448745728,0.0,0.0,0.0,0.0,0.0,0.0,0.0,0.0
3,0.40674108266830444,0.5113086700439453,0.4318962097167969,0.4937748908996582,0.3571626842021942,0.4818011522293091,0.0,0.0,0.22482450306415558,0.48646506667137146,0.3613385558128357,0.6243798732757568,0.1517193764448166,0.6169471740722656,0.47635480761528015,0.7425455451011658,0.3682173788547516,0.7961218953132629,0.4891093373298645,0.6401928067207336,0.7861548662185669,0.7268285751342773,0.4393765926361084,0.9618629813194275,0.28005680441856384,0.9838577508926392,0.0,0.0,0.0,0.0,0.0,0.0,0.0,0.0
4,0.3997277319431305,0.5137847065925598,0.423622727394104,0.4946173131465912,0.3536650240421295,0.4858662486076355,0.0,0.0,0.22618646919727325,0.4879067540168762,0.34696877002716064,0.6191501021385193,0.1537242978811264,0.6143167614936829,0.4598495662212372,0.7413074374198914,0.40560388565063477,0.7800041437149048,0.4901790916919708,0.6424732804298401,0.8324233889579773,0.728348433971405,0.4027809500694275,0.9583622813224792,0.25132232904434204,0.9827261567115784,0.0,0.0,0.0,0.0,0.0,0.0,0.0,0.0
5,0.39576420187950134,0.5139647126197815,0.41996443271636963,0.4943658709526062,0.35060518980026245,0.4857068955898285,0.0,0.0,0.22475354373455048,0.48798811435699463,0.349305123090744,0.6200602650642395,0.15571610629558563,0.6139810681343079,0.4545908570289612,0.7390716671943665,0.4490208923816681,0.7693719267845154,0.4887644350528717,0.6425065398216248,0.8771555423736572,0.731354832649231,0.41119739413261414,0.9614108800888062,0.2554699182510376,0.9841923117637634,0.0,0.0,0.0,0.0,0.0,0.0,0.0,0.0
6,0.39123621582984924,0.5135937333106995,0.4153074622154236,0.49376222491264343,0.34600135684013367,0.4857965409755707,0.0,0.0,0.2212163358926773,0.48967981338500977,0.3385123312473297,0.619266152381897,0.1607738584280014,0.6151992678642273,0.4463886022567749,0.73355633020401,0.477769136428833,0.763388991355896,0.4920913577079773,0.6433084607124329,0.9125300049781799,0.7365233898162842,0.3995310366153717,0.9627588987350464,0.2532344460487366,0.9858757257461548,0.0,0.0,0.0,0.0,0.0,0.0,0.0,0.0
7,0.3905678689479828,0.5140714049339294,0.41367578506469727,0.49405527114868164,0.3461935222148895,0.4861564636230469,0.0,0.0,0.22069650888442993,0.4897690713405609,0.3384864032268524,0.6179778575897217,0.16247649490833282,0.6146072745323181,0.44851815700531006,0.7256718873977661,0.48447084426879883,0.7577139735221863,0.4960818886756897,0.6416043639183044,0.9161396026611328,0.7419021725654602,0.40471556782722473,0.9581693410873413,0.2519795298576355,0.9808231592178345,0.0,0.0,0.0,0.0,0.0,0.0,0.0,0.0
8,0.38999611139297485,0.5144230723381042,0.41344740986824036,0.4943668246269226,0.34540244936943054,0.4866264760494232,0.0,0.0,0.21986009180545807,0.4900113046169281,0.33211493492126465,0.6183652877807617,0.1650066077709198,0.6153878569602966,0.4455384314060211,0.724748432636261,0.49233806133270264,0.7562662363052368,0.5043037533760071,0.6444548964500427,0.9227447509765625,0.7468327879905701,0.3927074074745178,0.9566595554351807,0.2506503760814667,0.979417622089386,0.0,0.0,0.0,0.0,0.0,0.0,0.0,0.0
9,0.3896726965904236,0.5148705840110779,0.4133148193359375,0.4947066307067871,0.34516987204551697,0.48667821288108826,0.0,0.0,0.21934661269187927,0.4898567199707031,0.3281908929347992,0.6178457140922546,0.16682855784893036,0.615489661693573,0.44168394804000854,0.7254942059516907,0.4905385971069336,0.7591841220855713,0.4998570680618286,0.6457479596138,0.9260922074317932,0.7509231567382812,0.4005298316478729,0.9591236114501953,0.2618100643157959,0.9825843572616577,0.0,0.0,0.0,0.0,0.0,0.0,0.0,0.0
10,0.38997405767440796,0.5149120092391968,0.41353529691696167,0.4948945939540863,0.34509897232055664,0.4868297576904297,0.0,0.0,0.21869654953479767,0.4901280403137207,0.3309824764728546,0.6191602349281311,0.16679205000400543,0.6158366799354553,0.44331294298171997,0.7351964116096497,0.4894455075263977,0.7664868235588074,0.49783843755722046,0.6457372903823853,0.9137892127037048,0.749336302280426,0.4052034318447113,0.9624214768409729,0.26560717821121216,0.9856409430503845,0.0,0.0,0.0,0.0,0.0,0.0,0.0,0.0
11,0.3911835551261902,0.5151008367538452,0.4141994118690491,0.4947386682033539,0.3463042378425598,0.486823171377182,0.0,0.0,0.21952097117900848,0.49060288071632385,0.3435096740722656,0.6218172311782837,0.1653713583946228,0.617652952671051,0.4461222290992737,0.741394579410553,0.47554847598075867,0.7706385254859924,0.49371156096458435,0.6447649002075195,0.8868555426597595,0.7434249520301819,0.4261750876903534,0.9624319076538086,0.27162253856658936,0.9851229190826416,0.0,0.0,0.0,0.0,0.0,0.0,0.0,0.0
12,0.39332064986228943,0.5146271586418152,0.41769638657569885,0.4943429231643677,0.34815919399261475,0.4861329197883606,0.0,0.0,0.2216959148645401,0.4895818829536438,0.3401939272880554,0.6210354566574097,0.15901905298233032,0.6195240616798401,0.4456114172935486,0.7430044412612915,0.4444170594215393,0.7825887799263,0.4801439642906189,0.6469350457191467,0.8598114252090454,0.7372647523880005,0.414989173412323,0.9602066278457642,0.26494792103767395,0.9853618741035461,0.0,0.0,0.0,0.0,0.0,0.0,0.0,0.0
13,0.3953810930252075,0.5151183605194092,0.41956672072410583,0.49439510703086853,0.35050472617149353,0.4864450693130493,0.0,0.0,0.22539635002613068,0.48857784271240234,0.3488655090332031,0.6178750395774841,0.16234126687049866,0.6194628477096558,0.4496350884437561,0.7489860653877258,0.41226622462272644,0.7970073223114014,0.4822375774383545,0.6485687494277954,0.8188121318817139,0.7295276522636414,0.427106648683548,0.9594734311103821,0.2673757076263428,0.985709547996521,0.0,0.0,0.0,0.0,0.0,0.0,0.0,0.0
14,0.399495005607605,0.5149626135826111,0.4244147539138794,0.4941914975643158,0.35225680470466614,0.4856971800327301,0.0,0.0,0.22895148396492004,0.48747557401657104,0.3516336977481842,0.6183642148971558,0.1562381535768509,0.6220169067382812,0.44943591952323914,0.753680944442749,0.3777448832988739,0.8157644271850586,0.4882579743862152,0.6510772705078125,0.7760066390037537,0.7209972143173218,0.41628438234329224,0.9662819504737854,0.26439201831817627,0.99260014295578,0.0,0.0,0.0,0.0,0.0,0.0,0.0,0.0
15,0.40192338824272156,0.5130158066749573,0.4269671142101288,0.4943047761917114,0.3518778383731842,0.48317989706993103,0.0,0.0,0.22524169087409973,0.4884851574897766,0.3536858856678009,0.6229797601699829,0.15217183530330658,0.6249620318412781,0.449082612991333,0.7511612176895142,0.33016419410705566,0.8274166584014893,0.4924192726612091,0.6467691659927368,0.725297749042511,0.7107023596763611,0.4296489357948303,0.9576303958892822,0.27896222472190857,0.9826952815055847,0.0,0.0,0.0,0.0,0.0,0.0,0.0,0.0
16,0.4003556966781616,0.5125675201416016,0.4302796423435211,0.4959695041179657,0.35464879870414734,0.48184481263160706,0.0,0.0,0.2293453812599182,0.48642033338546753,0.3383411765098572,0.6246196627616882,0.1391715556383133,0.6283681392669678,0.42538854479789734,0.7630470991134644,0.30125194787979126,0.8410862684249878,0.4976361393928528,0.6486400961875916,0.673809289932251,0.7035980820655823,0.44283026456832886,0.9559614062309265,0.29878634214401245,0.9830585718154907,0.0,0.0,0.0,0.0,0.0,0.0,0.0,0.0
17,0.40323013067245483,0.5139325261116028,0.4304068684577942,0.4969053268432617,0.3572008013725281,0.48318690061569214,0.0,0.0,0.22749930620193481,0.48704129457473755,0.338331937789917,0.627711296081543,0.13346648216247559,0.6300448179244995,0.40499040484428406,0.7842381596565247,0.2859897315502167,0.8518466949462891,0.5096030831336975,0.6498349905014038,0.6123932003974915,0.6884164810180664,0.4475063979625702,0.9577502012252808,0.2953921854496002,0.9844675064086914,0.0,0.0,0.0,0.0,0.0,0.0,0.0,0.0
18,0.4090050756931305,0.5154646039009094,0.43094879388809204,0.49414700269699097,0.35828620195388794,0.48416605591773987,0.0,0.0,0.2316075712442398,0.4881014823913574,0.35897940397262573,0.6332014799118042,0.14537112414836884,0.6334609985351562,0.4259536862373352,0.8015655875205994,0.2520122230052948,0.8602321743965149,0.5051388144493103,0.6555717587471008,0.5726543664932251,0.6783161163330078,0.43184831738471985,0.9643837809562683,0.28247928619384766,0.9885217547416687,0.0,0.0,0.0,0.0,0.0,0.0,0.0,0.0
19,0.4084031283855438,0.5157362818717957,0.4329977333545685,0.49317026138305664,0.3562203347682953,0.48288092017173767,0.0,0.0,0.2325228899717331,0.48605892062187195,0.3878899812698364,0.640964150428772,0.13886189460754395,0.6365862488746643,0.47696906328201294,0.8203907012939453,0.22046038508415222,0.8645092248916626,0.520563542842865,0.6784455180168152,0.5253676176071167,0.6737263798713684,0.4503730237483978,0.9646225571632385,0.2842409908771515,0.9867172241210938,0.0,0.0,0.0,0.0,0.0,0.0,0.0,0.0
20,0.40837132930755615,0.5153416395187378,0.43425288796424866,0.49279817938804626,0.3555810749530792,0.48232364654541016,0.0,0.0,0.2316046506166458,0.48512136936187744,0.3999629616737366,0.6366512179374695,0.1326696127653122,0.6367589831352234,0.48988088965415955,0.8092653751373291,0.2056841105222702,0.8650819659233093,0.5138800740242004,0.6735052466392517,0.49163269996643066,0.6672803163528442,0.46120554208755493,0.9573448300361633,0.2859872579574585,0.9807247519493103,0.0,0.0,0.0,0.0,0.0,0.0,0.0,0.0
21,0.4096302390098572,0.5150962471961975,0.43419936299324036,0.4927605092525482,0.3575247824192047,0.4820834994316101,0.0,0.0,0.23334559798240662,0.48511800169944763,0.3987710773944855,0.6341970562934875,0.13035964965820312,0.6374973654747009,0.4936452805995941,0.8033984899520874,0.1979881376028061,0.8683040738105774,0.5076197981834412,0.659264862537384,0.47003766894340515,0.6572472453117371,0.4612694978713989,0.954931914806366,0.2861679494380951,0.9795801043510437,0.0,0.0,0.0,0.0,0.0,0.0,0.0,0.0
22,0.40891918540000916,0.5146433115005493,0.434950590133667,0.4927508533000946,0.3562109172344208,0.4820069670677185,0.0,0.0,0.23098988831043243,0.48559436202049255,0.4046715497970581,0.6304798722267151,0.12285249680280685,0.6364561319351196,0.49603813886642456,0.7986488938331604,0.1859448403120041,0.8693927526473999,0.5026953816413879,0.6550279855728149,0.4559408724308014,0.6527913212776184,0.4660493731498718,0.9521282315254211,0.28040626645088196,0.9781423807144165,0.0,0.0,0.0,0.0,0.0,0.0,0.0,0.0
23,0.408249169588089,0.514611542224884,0.4343147277832031,0.4922393262386322,0.35538122057914734,0.4821305274963379,0.0,0.0,0.23087570071220398,0.48542270064353943,0.40814924240112305,0.6290722489356995,0.1216755360364914,0.6351885199546814,0.4944230914115906,0.7983295321464539,0.18594233691692352,0.8684993982315063,0.5014344453811646,0.6509607434272766,0.4503970146179199,0.650682270526886,0.46122294664382935,0.9504615664482117,0.2685740292072296,0.976317286491394,0.0,0.0,0.0,0.0,0.0,0.0,0.0,0.0
24,0.404227614402771,0.5150993466377258,0.4307841360569,0.4926353394985199,0.35294240713119507,0.4824361205101013,0.0,0.0,0.22860397398471832,0.48528891801834106,0.4102800190448761,0.6284562945365906,0.11801957339048386,0.6345776319503784,0.49565181136131287,0.797938346862793,0.18966421484947205,0.8658363223075867,0.4978448450565338,0.6462628841400146,0.4529455602169037,0.6491569876670837,0.46565282344818115,0.9510334730148315,0.2597098648548126,0.9777719378471375,0.0,0.0,0.0,0.0,0.0,0.0,0.0,0.0
25,0.40077584981918335,0.5140830874443054,0.4276876747608185,0.4917963147163391,0.34767964482307434,0.4813999533653259,0.0,0.0,0.22680222988128662,0.4846903681755066,0.40097540616989136,0.631756603717804,0.1255210041999817,0.6340354681015015,0.4931413531303406,0.8008831143379211,0.20028479397296906,0.8648920655250549,0.5055891871452332,0.6525698900222778,0.4715934693813324,0.6525756120681763,0.4571112096309662,0.9519802331924438,0.27781185507774353,0.9758674502372742,0.0,0.0,0.0,0.0,0.0,0.0,0.0,0.0
26,0.3963834047317505,0.5145114660263062,0.4230104982852936,0.49214860796928406,0.34411367774009705,0.4818597137928009,0.0,0.0,0.222614124417305,0.4857468008995056,0.4007590413093567,0.6353756189346313,0.1240965947508812,0.633966863155365,0.4868784546852112,0.8075809478759766,0.216926708817482,0.8587092161178589,0.5051685571670532,0.6621631979942322,0.49368754029273987,0.6563528180122375,0.4614429771900177,0.9596461057662964,0.2720460593700409,0.9819238781929016,0.0,0.0,0.0,0.0,0.0,0.0,0.0,0.0
27,0.394356369972229,0.51446133852005,0.42030733823776245,0.4924512803554535,0.340301513671875,0.48238039016723633,0.0,0.0,0.2195420265197754,0.48777714371681213,0.3887782692909241,0.6403848528862,0.13177184760570526,0.6339654922485352,0.4733348488807678,0.8095234632492065,0.23083780705928802,0.8531610369682312,0.5021913647651672,0.6549279093742371,0.5276197791099548,0.6579431295394897,0.4459238052368164,0.9653131365776062,0.27247172594070435,0.9851046204566956,0.0,0.0,0.0,0.0,0.0,0.0,0.0,0.0
28,0.39160650968551636,0.5132490396499634,0.4154301881790161,0.49196094274520874,0.3402625322341919,0.4832249879837036,0.0,0.0,0.22127945721149445,0.49002885818481445,0.3753986954689026,0.6372501850128174,0.13861049711704254,0.6309850811958313,0.43698054552078247,0.8026445508003235,0.2636544108390808,0.8381142020225525,0.48836925625801086,0.6494003534317017,0.5737115144729614,0.6548129916191101,0.4438106119632721,0.9657090902328491,0.27525317668914795,0.985968291759491,0.0,0.0,0.0,0.0,0.0,0.0,0.0,0.0
29,0.385947585105896,0.5124269127845764,0.41351017355918884,0.49520739912986755,0.3372170329093933,0.4829651117324829,0.0,0.0,0.20985859632492065,0.4904972016811371,0.33643484115600586,0.633196234703064,0.12301162630319595,0.6288101077079773,0.3907255530357361,0.7874398827552795,0.2999451458454132,0.8240322470664978,0.4917755126953125,0.6504335403442383,0.6396651268005371,0.6561432480812073,0.44783473014831543,0.9628849029541016,0.2879055440425873,0.9874126315116882,0.0,0.0,0.0,0.0,0.0,0.0,0.0,0.0
30,0.3833734393119812,0.5132496953010559,0.4066607356071472,0.4930746257305145,0.3332495093345642,0.48396456241607666,0.0,0.0,0.20886243879795074,0.48904287815093994,0.3412435054779053,0.6231155395507812,0.13429628312587738,0.6252254843711853,0.41909918189048767,0.754848837852478,0.3266557455062866,0.8079454302787781,0.4802428185939789,0.646292507648468,0.68937087059021,0.6565576195716858,0.41957664489746094,0.9610826969146729,0.26288503408432007,0.9859338998794556,0.0,0.0,0.0,0.0,0.0,0.0,0.0,0.0
31,0.3721371293067932,0.5098878145217896,0.40480363368988037,0.4926450848579407,0.32601574063301086,0.4812401235103607,0.0,0.0,0.20036357641220093,0.4895305931568146,0.33010444045066833,0.6290306448936462,0.10624338686466217,0.6287578344345093,0.4113249182701111,0.7698333263397217,0.3530566692352295,0.7970638275146484,0.4934747815132141,0.6536973714828491,0.7249113321304321,0.6628621816635132,0.44125062227249146,0.9631802439689636,0.2708633244037628,0.9904880523681641,0.0,0.0,0.0,0.0,0.0,0.0,0.0,0.0
32,0.3784562945365906,0.5128366947174072,0.3990665078163147,0.492560476064682,0.3286323547363281,0.48411017656326294,0.0,0.0,0.19790035486221313,0.48945847153663635,0.3362647593021393,0.6229280829429626,0.13172386586666107,0.6213544011116028,0.43604180216789246,0.7431308627128601,0.38730666041374207,0.777485191822052,0.4700865149497986,0.6455264687538147,0.7737518548965454,0.6661392450332642,0.42291632294654846,0.9631053805351257,0.2620728611946106,0.9868396520614624,0.0,0.0,0.0,0.0,0.0,0.0,0.0,0.0
33,0.3763505816459656,0.5132967829704285,0.39544305205345154,0.4939883351325989,0.32843199372291565,0.48510029911994934,0.0,0.0,0.19812418520450592,0.4905792474746704,0.3306427001953125,0.6262184977531433,0.13279689848423004,0.6204572916030884,0.4334239661693573,0.7414586544036865,0.4153682291507721,0.764896035194397,0.465654581785202,0.645086407661438,0.8117638826370239,0.6685706973075867,0.4200417399406433,0.9678980112075806,0.2629009187221527,0.9896602630615234,0.0,0.0,0.0,0.0,0.0,0.0,0.0,0.0
34,0.37457242608070374,0.5134789943695068,0.3927707374095917,0.4942350685596466,0.3290941119194031,0.48554810881614685,0.0,0.0,0.19632793962955475,0.490506649017334,0.32139939069747925,0.6267814636230469,0.13125008344650269,0.6196521520614624,0.43128061294555664,0.7400837540626526,0.44264182448387146,0.752013623714447,0.4671456217765808,0.6454406976699829,0.8397468328475952,0.6729982495307922,0.4257693886756897,0.9745115041732788,0.2698887288570404,0.9964937567710876,0.0,0.0,0.0,0.0,0.0,0.0,0.0,0.0
35,0.3737947344779968,0.5138605237007141,0.3902985453605652,0.49453386664390564,0.3295423090457916,0.4858774244785309,0.0,0.0,0.1958397924900055,0.48964712023735046,0.3247692883014679,0.6299856305122375,0.12213664501905441,0.6154069900512695,0.44437891244888306,0.7497360110282898,0.4470393657684326,0.7434328198432922,0.4804565906524658,0.6487592458724976,0.8587987422943115,0.6816469430923462,0.4132680296897888,0.9757509827613831,0.24653716385364532,0.9950162768363953,0.0,0.0,0.0,0.0,0.0,0.0,0.0,0.0
36,0.3733472228050232,0.5140007138252258,0.38909175992012024,0.49395617842674255,0.32885879278182983,0.48582831025123596,0.0,0.0,0.19375699758529663,0.48861750960350037,0.34183043241500854,0.6373127102851868,0.11586520075798035,0.6140069365501404,0.46068650484085083,0.7744153141975403,0.4533996880054474,0.7400602698326111,0.48756176233291626,0.6625845432281494,0.8744422793388367,0.6879866719245911,0.4182696044445038,0.9736711382865906,0.23784612119197845,0.9892664551734924,0.0,0.0,0.0,0.0,0.0,0.0,0.0,0.0
37,0.3731413185596466,0.5139468908309937,0.38893991708755493,0.49403756856918335,0.3291371762752533,0.48613256216049194,0.0,0.0,0.19435521960258484,0.48884937167167664,0.33492347598075867,0.6349813342094421,0.11853684484958649,0.6126640439033508,0.45562058687210083,0.7729042172431946,0.46179118752479553,0.7388805747032166,0.5051171183586121,0.6620388627052307,0.8910144567489624,0.6923472881317139,0.4094123840332031,0.9692360162734985,0.2333124577999115,0.9858570098876953,0.0,0.0,0.0,0.0,0.0,0.0,0.0,0.0
38,0.3732623755931854,0.5142262578010559,0.3889751732349396,0.494353711605072,0.3295830488204956,0.48614224791526794,0.0,0.0,0.19426779448986053,0.488071471452713,0.3368707001209259,0.6351469159126282,0.11937111616134644,0.6125459671020508,0.4554993808269501,0.773982584476471,0.4625508189201355,0.7393391728401184,0.4981040060520172,0.6649287939071655,0.8940821290016174,0.6978219747543335,0.42423757910728455,0.971457302570343,0.24722331762313843,0.9882230758666992,0.0,0.0,0.0,0.0,0.0,0.0,0.0,0.0
39,0.3736327290534973,0.5142950415611267,0.3900366425514221,0.49443504214286804,0.3290307819843292,0.485948383808136,0.0,0.0,0.19372013211250305,0.4887646734714508,0.32260122895240784,0.6312000751495361,0.1289142668247223,0.6158350110054016,0.4485583007335663,0.7550413012504578,0.4660855829715729,0.7446393966674805,0.4872925281524658,0.6545400023460388,0.8830105066299438,0.702436625957489,0.4132138788700104,0.9680057764053345,0.2550174593925476,0.9872480630874634,0.0,0.0,0.0,0.0,0.0,0.0,0.0,0.0
40,0.3758701980113983,0.5143499970436096,0.3920883238315582,0.49495410919189453,0.330924391746521,0.4864461123943329,0.0,0.0,0.19624614715576172,0.49066829681396484,0.31622767448425293,0.6277855038642883,0.1366294026374817,0.6187681555747986,0.43567168712615967,0.7446231842041016,0.45766356587409973,0.7536051273345947,0.4865194857120514,0.6489595174789429,0.8672271966934204,0.7016547918319702,0.41659650206565857,0.9702560305595398,0.2641993761062622,0.9918123483657837,0.0,0.0,0.0,0.0,0.0,0.0,0.0,0.0
41,0.3783130943775177,0.5143966674804688,0.39636722207069397,0.4948109984397888,0.33303096890449524,0.4863969683647156,0.0,0.0,0.20086407661437988,0.4912596642971039,0.3196896016597748,0.6258209943771362,0.1350586712360382,0.6203592419624329,0.42655956745147705,0.7382931113243103,0.44905492663383484,0.7603170275688171,0.4694289565086365,0.646185576915741,0.8480855822563171,0.6978788375854492,0.4045599102973938,0.9706444144248962,0.2482200413942337,0.9932655692100525,0.0,0.0,0.0,0.0,0.0,0.0,0.0,0.0
42,0.3825874328613281,0.51423180103302,0.40029916167259216,0.4947096109390259,0.3361302614212036,0.48597782850265503,0.0,0.0,0.20307473838329315,0.4903500974178314,0.3244609832763672,0.6260112524032593,0.1395949423313141,0.6205992102622986,0.4312519431114197,0.7447432279586792,0.4212765097618103,0.7696148753166199,0.471612811088562,0.6450727581977844,0.8271199464797974,0.691386342048645,0.41880908608436584,0.9661902189254761,0.26757949590682983,0.9894005060195923,0.0,0.0,0.0,0.0,0.0,0.0,0.0,0.0
43,0.3860427737236023,0.514260470867157,0.4046154022216797,0.49425992369651794,0.33890390396118164,0.48544177412986755,0.0,0.0,0.20734338462352753,0.4893155097961426,0.3314908444881439,0.6226568222045898,0.1338469684123993,0.6209911108016968,0.4262429177761078,0.7437400221824646,0.3874814510345459,0.7830253839492798,0.47377651929855347,0.6471782922744751,0.7891920208930969,0.6856118440628052,0.4122956097126007,0.9669222235679626,0.2515210211277008,0.9914735555648804,0.0,0.0,0.0,0.0,0.0,0.0,0.0,0.0
44,0.3895437717437744,0.5138936042785645,0.4095025658607483,0.49425697326660156,0.34164291620254517,0.48492011427879333,0.0,0.0,0.2124413102865219,0.4886077046394348,0.3266431987285614,0.6208674907684326,0.13877427577972412,0.6232202649116516,0.42444485425949097,0.7440794706344604,0.36779123544692993,0.7968661189079285,0.4795284569263458,0.6477516889572144,0.7522450685501099,0.6766684055328369,0.39996516704559326,0.961208701133728,0.25520747900009155,0.987445056438446,0.0,0.0,0.0,0.0,0.0,0.0,0.0,0.0
45,0.390400767326355,0.5124479532241821,0.41924959421157837,0.49555474519729614,0.34272196888923645,0.4824056625366211,0.0,0.0,0.2141677886247635,0.4901084899902344,0.33115360140800476,0.6297573447227478,0.12095582485198975,0.6247734427452087,0.3999483287334442,0.7681868076324463,0.3369201123714447,0.8091262578964233,0.4853118360042572,0.6549510955810547,0.7024978399276733,0.668412983417511,0.41565757989883423,0.9665498733520508,0.2548935115337372,0.9897204041481018,0.0,0.0,0.0,0.0,0.0,0.0,0.0,0.0
46,0.3944537937641144,0.5132716298103333,0.4202793538570404,0.49634334444999695,0.347520112991333,0.4838202893733978,0.0,0.0,0.21785181760787964,0.490527480840683,0.3333703875541687,0.6297100186347961,0.12361545115709305,0.6287652850151062,0.4012645184993744,0.7744242548942566,0.3102433979511261,0.8212739825248718,0.49298954010009766,0.6503986716270447,0.6508504748344421,0.6606529951095581,0.43437737226486206,0.961594820022583,0.2759304344654083,0.9869130849838257,0.0,0.0,0.0,0.0,0.0,0.0,0.0,0.0
47,0.39895930886268616,0.5138229131698608,0.42126989364624023,0.4967634081840515,0.3510431945323944,0.4835132956504822,0.0,0.0,0.21791063249111176,0.48952817916870117,0.3289344012737274,0.6379100680351257,0.12564346194267273,0.6330135464668274,0.392802357673645,0.7978295087814331,0.28947922587394714,0.8384960293769836,0.49757272005081177,0.6527597904205322,0.6063141226768494,0.6617435216903687,0.4448566138744354,0.9624079465866089,0.30231404304504395,0.9864753484725952,0.0,0.0,0.0,0.0,0.0,0.0,0.0,0.0
48,0.4047260582447052,0.5131592154502869,0.4233366549015045,0.4927787780761719,0.35336458683013916,0.4824991226196289,0.0,0.0,0.2270965576171875,0.488078236579895,0.3707692325115204,0.6421673893928528,0.13456624746322632,0.6346864104270935,0.4486815631389618,0.8134384155273438,0.25898629426956177,0.8511835336685181,0.49874091148376465,0.6561574935913086,0.5542725920677185,0.6542900800704956,0.43291330337524414,0.9655059576034546,0.27380040287971497,0.9853612780570984,0.0,0.0,0.0,0.0,0.0,0.0,0.0,0.0
49,0.4109939634799957,0.5118159651756287,0.42822137475013733,0.4913165271282196,0.3583793640136719,0.48013314604759216,0.0,0.0,0.22554318606853485,0.4862176179885864,0.37414559721946716,0.6425384879112244,0.1248939111828804,0.6377095580101013,0.4732949137687683,0.8121540546417236,0.2306811809539795,0.8590990304946899,0.5053454637527466,0.6587809324264526,0.5097771883010864,0.6556695699691772,0.4327937662601471,0.964250385761261,0.26925161480903625,0.9854171872138977,0.0,0.0,0.0,0.0,0.0,0.0,0.0,0.0
50,0.4194819927215576,0.5127184987068176,0.4345971345901489,0.4914736747741699,0.36891037225723267,0.4810025095939636,0.0,0.0,0.23234562575817108,0.48594561219215393,0.38862407207489014,0.6344385147094727,0.12329571694135666,0.6378580331802368,0.47971248626708984,0.8077993392944336,0.22616863250732422,0.8641624450683594,0.5079856514930725,0.6642624735832214,0.4824220538139343,0.656438946723938,0.4601362645626068,0.9572069048881531,0.2728467881679535,0.9826525449752808,0.0,0.0,0.0,0.0,0.0,0.0,0.0,0.0
51,0.4280751943588257,0.512025773525238,0.44102877378463745,0.49038517475128174,0.37605318427085876,0.4802541136741638,0.0,0.0,0.23640425503253937,0.4858601987361908,0.3903435468673706,0.6335596442222595,0.1215389221906662,0.6407726407051086,0.48677730560302734,0.8016107678413391,0.2164512574672699,0.8676790595054626,0.49753260612487793,0.6560627222061157,0.4612870216369629,0.6485921740531921,0.45399656891822815,0.9557840824127197,0.27219918370246887,0.9820634722709656,0.0,0.0,0.0,0.0,0.0,0.0,0.0,0.0
52,0.4377496540546417,0.5134602189064026,0.4437464475631714,0.4929136633872986,0.38760316371917725,0.48297110199928284,0.0,0.0,0.24599406123161316,0.48803186416625977,0.38625872135162354,0.6313638687133789,0.11589682102203369,0.6398187279701233,0.49179166555404663,0.8017131686210632,0.21557791531085968,0.8691360950469971,0.4987792372703552,0.6460840106010437,0.45864835381507874,0.6465657949447632,0.43873903155326843,0.9562767744064331,0.258306622505188,0.9816112518310547,0.0,0.0,0.0,0.0,0.0,0.0,0.0,0.0
53,0.4443454444408417,0.5144014358520508,0.4458288550376892,0.49518758058547974,0.3979596495628357,0.4842107892036438,0.0,0.0,0.25407615303993225,0.4881818890571594,0.3787268102169037,0.6314870715141296,0.11199022829532623,0.6404808163642883,0.4918193817138672,0.7992697954177856,0.21624459326267242,0.8691539764404297,0.5006891489028931,0.6465403437614441,0.4445936381816864,0.6477992534637451,0.4348795711994171,0.9543575644493103,0.25793901085853577,0.9803397059440613,0.0,0.0,0.0,0.0,0.0,0.0,0.0,0.0
54,0.44837120175361633,0.5146008729934692,0.0,0.0,0.4052780866622925,0.48471593856811523,0.0,0.0,0.2623745799064636,0.48853129148483276,0.37970641255378723,0.6303430795669556,0.11164099723100662,0.6400273442268372,0.48855072259902954,0.7970916032791138,0.21745674312114716,0.8681237101554871,0.5019682049751282,0.6478248834609985,0.43996286392211914,0.6467182040214539,0.4372510612010956,0.9510347843170166,0.25188612937927246,0.9775351285934448,0.0,0.0,0.0,0.0,0.0,0.0,0.0,0.0
55,0.4505056142807007,0.515201210975647,0.0,0.0,0.4086769223213196,0.48526260256767273,0.0,0.0,0.2667670249938965,0.4883301854133606,0.3836875855922699,0.6302341222763062,0.1113300770521164,0.6402746438980103,0.4905910789966583,0.7964948415756226,0.221954345703125,0.867487907409668,0.5000900626182556,0.6445572972297668,0.44295963644981384,0.645832359790802,0.43740981817245483,0.9502662420272827,0.24795515835285187,0.9766842126846313,0.0,0.0,0.0,0.0,0.0,0.0,0.0,0.0
56,0.4515109062194824,0.5133776664733887,0.0,0.0,0.4098716676235199,0.4844880998134613,0.0,0.0,0.2715078294277191,0.4878893196582794,0.38412562012672424,0.6326389312744141,0.11640230566263199,0.6417820453643799,0.4880449175834656,0.7953302264213562,0.2214629054069519,0.8666175603866577,0.49328532814979553,0.6452004313468933,0.4601302444934845,0.643838107585907,0.4408251643180847,0.9508560299873352,0.2631428837776184,0.9792810678482056,0.0,0.0,0.0,0.0,0.0,0.0,0.0,0.0
57,0.4491993486881256,0.5130942463874817,0.0,0.0,0.41132909059524536,0.4840594232082367,0.0,0.0,0.27717071771621704,0.487433522939682,0.3752434551715851,0.6337074041366577,0.12447607517242432,0.6410139203071594,0.48196449875831604,0.7993599772453308,0.23069831728935242,0.8657511472702026,0.5013668537139893,0.658074140548706,0.4677128493785858,0.6484266519546509,0.44706496596336365,0.9515281915664673,0.2756166160106659,0.9796255826950073,0.0,0.0,0.0,0.0,0.0,0.0,0.0,0.0
58,0.4480195641517639,0.5120284557342529,0.0,0.0,0.41176825761795044,0.4829283058643341,0.0,0.0,0.2794729471206665,0.4865030348300934,0.36469024419784546,0.6363953948020935,0.1280195415019989,0.6391983032226562,0.47224876284599304,0.8035356998443604,0.24238577485084534,0.8625913858413696,0.513431966304779,0.658256471157074,0.4954471290111542,0.6514406800270081,0.4332706034183502,0.9585598111152649,0.2665037512779236,0.9847292304039001,0.0,0.0,0.0,0.0,0.0,0.0,0.0,0.0
59,0.4444722831249237,0.5123698115348816,0.0,0.0,0.4094763994216919,0.4834148585796356,0.0,0.0,0.279937207698822,0.485765278339386,0.3464919328689575,0.6400661468505859,0.1325344443321228,0.6362819671630859,0.4534999430179596,0.808108925819397,0.24888084828853607,0.8558952808380127,0.5072466135025024,0.6541355848312378,0.5223724246025085,0.6539728045463562,0.41774946451187134,0.9597781896591187,0.27230292558670044,0.9833664298057556,0.0,0.0,0.0,0.0,0.0,0.0,0.0,0.0
60,0.44067585468292236,0.5124064087867737,0.0,0.0,0.40763506293296814,0.4850030839443207,0.0,0.0,0.2814539074897766,0.4883509576320648,0.3191264867782593,0.6405630111694336,0.14092755317687988,0.6353667974472046,0.4108329117298126,0.8039089441299438,0.27953147888183594,0.8481249213218689,0.4991157352924347,0.6486340165138245,0.570494532585144,0.6501041650772095,0.39554935693740845,0.9705959558486938,0.2735855281352997,0.993324339389801,0.0,0.0,0.0,0.0,0.0,0.0,0.0,0.0
61,0.4404599666595459,0.5125682353973389,0.0,0.0,0.4089999198913574,0.4856647551059723,0.0,0.0,0.28139641880989075,0.4895140528678894,0.304979145526886,0.6304933428764343,0.14116744697093964,0.636681854724884,0.41480153799057007,0.7613368630409241,0.3129377067089081,0.8325365781784058,0.5013853311538696,0.6427992582321167,0.6355999708175659,0.645142674446106,0.39534005522727966,0.9737089276313782,0.27872058749198914,1.0,0.0,0.0,0.0,0.0,0.0,0.0,0.0,0.0
62,0.4391690492630005,0.5152716636657715,0.0,0.0,0.4086967408657074,0.4885638356208801,0.0,0.0,0.2714077830314636,0.4937586784362793,0.3049717843532562,0.633770763874054,0.11140632629394531,0.630620539188385,0.4082360565662384,0.7703315019607544,0.33668360114097595,0.8185022473335266,0.5017103552818298,0.6434154510498047,0.6615201234817505,0.6462042331695557,0.41202080249786377,0.9671949744224548,0.2690556049346924,0.9931873679161072,0.0,0.0,0.0,0.0,0.0,0.0,0.0,0.0
63,0.4388704299926758,0.5161264538764954,0.0,0.0,0.409673810005188,0.48967400193214417,0.0,0.0,0.27153638005256653,0.49437588453292847,0.30228757858276367,0.6345720887184143,0.11430657655000687,0.6293224096298218,0.41009530425071716,0.7657498717308044,0.3648419976234436,0.8020937442779541,0.5049350261688232,0.6478989720344543,0.7031718492507935,0.6451972723007202,0.41870370507240295,0.9665165543556213,0.27710267901420593,0.9923645257949829,0.0,0.0,0.0,0.0,0.0,0.0,0.0,0.0
64,0.43160757422447205,0.5125411152839661,0.0,0.0,0.4061281979084015,0.4886675775051117,0.0,0.0,0.2768230438232422,0.49117422103881836,0.3076174855232239,0.6210448145866394,0.12364600598812103,0.62380051612854,0.41863593459129333,0.7479162216186523,0.3960913121700287,0.780646026134491,0.4951774775981903,0.6417877674102783,0.742060661315918,0.6404535174369812,0.41319894790649414,0.9617959856987,0.2700393795967102,0.989236056804657,0.0,0.0,0.0,0.0,0.0,0.0,0.0,0.0
65,0.4292448163032532,0.5121189951896667,0.0,0.0,0.404948353767395,0.48855650424957275,0.0,0.0,0.2730628252029419,0.4919161796569824,0.2965788245201111,0.6200793981552124,0.1169201135635376,0.6213118433952332,0.4084835648536682,0.7473110556602478,0.42001980543136597,0.7678378820419312,0.49122366309165955,0.641164243221283,0.7783282995223999,0.6400120854377747,0.40537041425704956,0.960593044757843,0.26158279180526733,0.9885883331298828,0.0,0.0,0.0,0.0,0.0,0.0,0.0,0.0
66,0.4256971478462219,0.5123804211616516,0.0,0.0,0.4017196595668793,0.48812106251716614,0.0,0.0,0.2697290778160095,0.49151211977005005,0.2755274474620819,0.6267881393432617,0.13115009665489197,0.6224392652511597,0.4081968665122986,0.737892746925354,0.4391075372695923,0.7550254464149475,0.48815545439720154,0.6453272700309753,0.8063802123069763,0.6454108357429504,0.37812262773513794,0.9681745767593384,0.25535058975219727,0.9942262768745422,0.0,0.0,0.0,0.0,0.0,0.0,0.0,0.0
67,0.4222809970378876,0.513266384601593,0.0,0.0,0.3999349772930145,0.4887149930000305,0.0,0.0,0.2673613131046295,0.49163293838500977,0.27521151304244995,0.6276302337646484,0.13291999697685242,0.6222928166389465,0.4131888747215271,0.7358418107032776,0.45628342032432556,0.745922863483429,0.48898014426231384,0.6429737210273743,0.8229603171348572,0.6498037576675415,0.3954590857028961,0.9670359492301941,0.26932036876678467,0.9926920533180237,0.0,0.0,0.0,0.0,0.0,0.0,0.0,0.0
68,0.41868534684181213,0.5131850838661194,0.0,0.0,0.3963398337364197,0.4888262152671814,0.0,0.0,0.26339706778526306,0.4903098940849304,0.2637898027896881,0.6318027377128601,0.1297452300786972,0.6169490814208984,0.4058971703052521,0.7573740482330322,0.45253393054008484,0.7395055294036865,0.48934873938560486,0.647472083568573,0.8365083932876587,0.6542366147041321,0.37341341376304626,0.9729068875312805,0.25616031885147095,0.9960260987281799,0.0,0.0,0.0,0.0,0.0,0.0,0.0,0.0
69,0.41581156849861145,0.5136860013008118,0.0,0.0,0.3935094177722931,0.48926258087158203,0.0,0.0,0.2607424557209015,0.4900221824645996,0.2732246220111847,0.6321452260017395,0.12148399651050568,0.6150017380714417,0.4085465371608734,0.7570072412490845,0.4526013731956482,0.7318722009658813,0.49802833795547485,0.6460345983505249,0.8509916663169861,0.6553640365600586,0.3784341514110565,0.9688655734062195,0.2472625970840454,0.9915018677711487,0.0,0.0,0.0,0.0,0.0,0.0,0.0,0.0
70,0.41252976655960083,0.5144112706184387,0.0,0.0,0.3916037678718567,0.48960909247398376,0.0,0.0,0.2600659132003784,0.4901335835456848,0.26033368706703186,0.6339877843856812,0.12550956010818481,0.6150401830673218,0.4016381502151489,0.7604274749755859,0.4673120379447937,0.7284955382347107,0.5042173862457275,0.6498270034790039,0.867619514465332,0.6590940356254578,0.36837396025657654,0.9728420376777649,0.24403364956378937,0.9949747920036316,0.0,0.0,0.0,0.0,0.0,0.0,0.0,0.0
71,0.41028377413749695,0.5153298377990723,0.0,0.0,0.38993269205093384,0.49054116010665894,0.0,0.0,0.2582126259803772,0.4896537661552429,0.2539907693862915,0.6352150440216064,0.12101750075817108,0.6144015192985535,0.40129056572914124,0.7616199254989624,0.4628647565841675,0.7298399806022644,0.5034195780754089,0.6492770910263062,0.8671808838844299,0.6626846790313721,0.3629419207572937,0.9774250388145447,0.24610689282417297,0.9989061951637268,0.0,0.0,0.0,0.0,0.0,0.0,0.0,0.0
72,0.40896904468536377,0.5152210593223572,0.0,0.0,0.38860076665878296,0.49068549275398254,0.0,0.0,0.2569762170314789,0.4902574419975281,0.2529728412628174,0.6350527405738831,0.12321560829877853,0.6155518293380737,0.39786386489868164,0.762101948261261,0.46429622173309326,0.7321183681488037,0.4921739399433136,0.6506356596946716,0.8663715124130249,0.6659328937530518,0.35772061347961426,0.9731693267822266,0.24036170542240143,0.9951368570327759,0.0,0.0,0.0,0.0,0.0,0.0,0.0,0.0
73,0.40811029076576233,0.515275776386261,0.0,0.0,0.389046847820282,0.4911609888076782,0.0,0.0,0.25798407196998596,0.49137479066848755,0.2535199820995331,0.6305662989616394,0.12056376039981842,0.6186630129814148,0.40099701285362244,0.7489128112792969,0.46127405762672424,0.7376031279563904,0.4847384989261627,0.6499790549278259,0.8584274649620056,0.6684285998344421,0.37722206115722656,0.9757543802261353,0.2539253234863281,1.0,0.0,0.0,0.0,0.0,0.0,0.0,0.0,0.0
74,0.408155232667923,0.5150781869888306,0.0,0.0,0.3880080282688141,0.49096623063087463,0.0,0.0,0.2568882405757904,0.49151286482810974,0.24877674877643585,0.6280410885810852,0.12012163549661636,0.6191480755805969,0.39790767431259155,0.7423022985458374,0.4527676999568939,0.7425479888916016,0.48179274797439575,0.6488108038902283,0.8442418575286865,0.668928325176239,0.3757219910621643,0.9767522811889648,0.26054033637046814,1.0,0.0,0.0,0.0,0.0,0.0,0.0,0.0,0.0
75,0.40861672163009644,0.5143519639968872,0.0,0.0,0.3868078589439392,0.4903732240200043,0.0,0.0,0.2554139494895935,0.49197396636009216,0.25348198413848877,0.6262017488479614,0.12412732094526291,0.6205875277519226,0.394898921251297,0.7358301281929016,0.44567370414733887,0.7499280571937561,0.4754839241504669,0.6500707864761353,0.83111172914505,0.6651562452316284,0.38450801372528076,0.9730514287948608,0.26959747076034546,0.9994823336601257,0.0,0.0,0.0,0.0,0.0,0.0,0.0,0.0
76,0.4094078242778778,0.5147351026535034,0.0,0.0,0.38677459955215454,0.4900701940059662,0.0,0.0,0.25566551089286804,0.4919256269931793,0.26462969183921814,0.6265352964401245,0.12053345888853073,0.6225725412368774,0.397600382566452,0.7382680773735046,0.42860886454582214,0.762150764465332,0.4728265404701233,0.6494343280792236,0.8078179359436035,0.6620046496391296,0.386322021484375,0.9698570966720581,0.2584546208381653,0.9959613680839539,0.0,0.0,0.0,0.0,0.0,0.0,0.0,0.0
77,0.4091123342514038,0.5149224400520325,0.0,0.0,0.3862547278404236,0.4910564720630646,0.0,0.0,0.25784584879875183,0.49154147505760193,0.2802855670452118,0.6199007630348206,0.108728788793087,0.6203193664550781,0.397018700838089,0.7458789944648743,0.4012891352176666,0.7719413042068481,0.4809882342815399,0.6473942995071411,0.7613421678543091,0.6560167670249939,0.4011755585670471,0.9597765803337097,0.2646329700946808,0.9873196482658386,0.0,0.0,0.0,0.0,0.0,0.0,0.0,0.0
78,0.41312095522880554,0.5165882706642151,0.0,0.0,0.38760095834732056,0.48978108167648315,0.0,0.0,0.249114990234375,0.4921644330024719,0.2862336039543152,0.6350287199020386,0.07982989400625229,0.6298251748085022,0.40949583053588867,0.7632409930229187,0.37866729497909546,0.7879073619842529,0.5002148151397705,0.651763916015625,0.7335817217826843,0.6441953778266907,0.4272540807723999,0.9654377698898315,0.26926183700561523,0.9931097626686096,0.0,0.0,0.0,0.0,0.0,0.0,0.0,0.0
79,0.4138559401035309,0.5136494636535645,0.0,0.0,0.38921085000038147,0.48895883560180664,0.0,0.0,0.26595768332481384,0.4907940924167633,0.2739846110343933,0.6262127161026001,0.12636414170265198,0.629310667514801,0.40568119287490845,0.7459028363227844,0.3666743040084839,0.7947807908058167,0.49047020077705383,0.6476832032203674,0.6964520215988159,0.636513888835907,0.38309547305107117,0.9682687520980835,0.2700967490673065,0.9961652755737305,0.0,0.0,0.0,0.0,0.0,0.0,0.0,0.0
80,0.4148295223712921,0.518003523349762,0.0,0.0,0.39268994331359863,0.4925130009651184,0.0,0.0,0.2718375325202942,0.49178141355514526,0.2814154326915741,0.6236117482185364,0.11247652024030685,0.6300064325332642,0.394699364900589,0.7575777173042297,0.3429242670536041,0.8076420426368713,0.48932185769081116,0.6485869288444519,0.6344515085220337,0.6388664245605469,0.39992013573646545,0.9664930105209351,0.2734576165676117,0.9954473376274109,0.0,0.0,0.0,0.0,0.0,0.0,0.0,0.0
81,0.41639870405197144,0.5149571299552917,0.0,0.0,0.39315104484558105,0.4892439842224121,0.0,0.0,0.2783115804195404,0.4902648329734802,0.2720140218734741,0.6315991282463074,0.1375642567873001,0.6348863840103149,0.38740473985671997,0.7716449499130249,0.3055310845375061,0.828399658203125,0.4980893135070801,0.6488164663314819,0.5699554681777954,0.6385691165924072,0.3789921998977661,0.9587440490722656,0.2838100492954254,0.9862829446792603,0.0,0.0,0.0,0.0,0.0,0.0,0.0,0.0
82,0.420854777097702,0.5153897404670715,0.0,0.0,0.3986635208129883,0.48824256658554077,0.0,0.0,0.28262433409690857,0.48747894167900085,0.2659963071346283,0.6331723928451538,0.1393251270055771,0.6349340677261353,0.37541821599006653,0.7871647477149963,0.2859340012073517,0.8413842916488647,0.5049075484275818,0.6434601545333862,0.5195481181144714,0.6412578225135803,0.3724311888217926,0.9535249471664429,0.2852482497692108,0.9809533953666687,0.0,0.0,0.0,0.0,0.0,0.0,0.0,0.0
83,0.42044857144355774,0.5145811438560486,0.0,0.0,0.39789268374443054,0.48773232102394104,0.0,0.0,0.28539302945137024,0.48739728331565857,0.31012165546417236,0.6361089944839478,0.12772691249847412,0.6336347460746765,0.42549577355384827,0.8029242157936096,0.2828904092311859,0.8489488959312439,0.5058135986328125,0.6461935639381409,0.4978540539741516,0.6367059946060181,0.4057273864746094,0.9559528827667236,0.2767868638038635,0.9803394675254822,0.0,0.0,0.0,0.0,0.0,0.0,0.0,0.0
84,0.424829363822937,0.5171722173690796,0.0,0.0,0.40111371874809265,0.4903245270252228,0.0,0.0,0.2842143476009369,0.49053412675857544,0.320643812417984,0.6361215710639954,0.1216128021478653,0.640263557434082,0.4422876238822937,0.7964464426040649,0.2793572247028351,0.8548948168754578,0.4932725131511688,0.6489904522895813,0.47532564401626587,0.6380332708358765,0.4174060523509979,0.958884060382843,0.27703985571861267,0.9855774641036987,0.0,0.0,0.0,0.0,0.0,0.0,0.0,0.0
85,0.4280887246131897,0.5179117321968079,0.0,0.0,0.40240463614463806,0.49137040972709656,0.0,0.0,0.2842518389225006,0.49216994643211365,0.3303546607494354,0.6359934210777283,0.11466831713914871,0.6435072422027588,0.4489969313144684,0.7952970862388611,0.2701108753681183,0.8590185046195984,0.4863232672214508,0.6527471542358398,0.46442845463752747,0.6388496160507202,0.4173768162727356,0.9610586166381836,0.27088984847068787,0.9892067313194275,0.0,0.0,0.0,0.0,0.0,0.0,0.0,0.0
86,0.4296531677246094,0.5180747509002686,0.0,0.0,0.40446117520332336,0.49167072772979736,0.0,0.0,0.28544285893440247,0.4922583997249603,0.3300010561943054,0.6354256868362427,0.11104681342840195,0.6446334719657898,0.4524601697921753,0.7929264307022095,0.26686468720436096,0.8615209460258484,0.4857720136642456,0.6518986225128174,0.4567459523677826,0.6386500597000122,0.4125332236289978,0.9581916928291321,0.26546207070350647,0.987270176410675,0.0,0.0,0.0,0.0,0.0,0.0,0.0,0.0
87,0.4305134415626526,0.5186840295791626,0.0,0.0,0.4058212339878082,0.49209412932395935,0.0,0.0,0.2875109612941742,0.492002010345459,0.3305954039096832,0.634742796421051,0.11109314113855362,0.6448417901992798,0.4529992341995239,0.7930106520652771,0.26624247431755066,0.8629980087280273,0.4839038550853729,0.6537228226661682,0.4534771740436554,0.6389015913009644,0.4104635715484619,0.959776759147644,0.2611806094646454,0.989382803440094,0.0,0.0,0.0,0.0,0.0,0.0,0.0,0.0
88,0.4304358661174774,0.5184599161148071,0.0,0.0,0.40665656328201294,0.49207934737205505,0.0,0.0,0.2893597185611725,0.49228689074516296,0.33300161361694336,0.6353073120117188,0.11243052780628204,0.6438646912574768,0.45337235927581787,0.7950894832611084,0.2740551829338074,0.8608704209327698,0.48921525478363037,0.6509526968002319,0.4633760154247284,0.6380950212478638,0.4180458188056946,0.9616769552230835,0.2653360366821289,0.9906677007675171,0.0,0.0,0.0,0.0,0.0,0.0,0.0,0.0
89,0.42873603105545044,0.5183493494987488,0.0,0.0,0.4083368480205536,0.491972953081131,0.0,0.0,0.29224589467048645,0.4917190670967102,0.32153454422950745,0.6316736340522766,0.1218334212899208,0.6404339075088501,0.4446384012699127,0.7943757772445679,0.29267191886901855,0.8560736179351807,0.49818843603134155,0.6467622518539429,0.47491759061813354,0.6358999609947205,0.417064368724823,0.952954113483429,0.2674317955970764,0.982730507850647,0.0,0.0,0.0,0.0,0.0,0.0,0.0,0.0
90,0.4271714985370636,0.5167098045349121,0.0,0.0,0.4053409993648529,0.4905562400817871,0.0,0.0,0.2936237156391144,0.4912510812282562,0.3045116662979126,0.6368090510368347,0.13719618320465088,0.6367986798286438,0.41801342368125916,0.8035326600074768,0.29358571767807007,0.8501817584037781,0.5061036944389343,0.6510707139968872,0.49483439326286316,0.636309802532196,0.4047066569328308,0.9573593139648438,0.28755274415016174,0.9829046130180359,0.0,0.0,0.0,0.0,0.0,0.0,0.0,0.0
91,0.4276637136936188,0.5176790356636047,0.0,0.0,0.4061530530452728,0.49045801162719727,0.0,0.0,0.2931373715400696,0.490342915058136,0.2770017981529236,0.6326864957809448,0.14612600207328796,0.6361481547355652,0.3753499388694763,0.782129168510437,0.2995690107345581,0.8405056595802307,0.498262882232666,0.6407614350318909,0.5228817462921143,0.6400465369224548,0.37670400738716125,0.9546048045158386,0.282044917345047,0.981768012046814,0.0,0.0,0.0,0.0,0.0,0.0,0.0,0.0
92,0.42322301864624023,0.5155700445175171,0.0,0.0,0.40312400460243225,0.49021559953689575,0.0,0.0,0.295366495847702,0.49158257246017456,0.27807384729385376,0.6310065984725952,0.1491158902645111,0.6339840292930603,0.3951582908630371,0.7683896422386169,0.3281857669353485,0.8275929093360901,0.5045307278633118,0.6471233367919922,0.5695168375968933,0.6404336094856262,0.3744993507862091,0.9596366882324219,0.28069111704826355,0.9860016107559204,0.0,0.0,0.0,0.0,0.0,0.0,0.0,0.0
93,0.4202142059803009,0.5194258689880371,0.0,0.0,0.404441237449646,0.49451524019241333,0.0,0.0,0.29499146342277527,0.49333325028419495,0.2885410785675049,0.6228969097137451,0.11595149338245392,0.6304960250854492,0.40239784121513367,0.752669095993042,0.3665196895599365,0.8063831925392151,0.499888151884079,0.645514726638794,0.6333051919937134,0.6377870440483093,0.3953123688697815,0.9681188464164734,0.2640359699726105,0.9970816373825073,0.0,0.0,0.0,0.0,0.0,0.0,0.0,0.0
94,0.42107754945755005,0.5195522308349609,0.0,0.0,0.40029653906822205,0.4947971701622009,0.0,0.0,0.2747606337070465,0.4987368583679199,0.28767526149749756,0.6344646215438843,0.10614360868930817,0.6327198147773743,0.4070304036140442,0.7608124017715454,0.3796840310096741,0.8002645373344421,0.5054625272750854,0.648550808429718,0.6799109578132629,0.6364759206771851,0.42834505438804626,0.9685720801353455,0.2903960645198822,0.9958531260490417,0.0,0.0,0.0,0.0,0.0,0.0,0.0,0.0
95,0.4185308814048767,0.518412709236145,0.0,0.0,0.3987443149089813,0.4944225251674652,0.0,0.0,0.2735621929168701,0.4986535906791687,0.27026665210723877,0.6334030032157898,0.11085022985935211,0.6278608441352844,0.3975791931152344,0.7589361667633057,0.3935793936252594,0.7852112054824829,0.5041113495826721,0.6541401147842407,0.7164371013641357,0.6391649842262268,0.40435299277305603,0.9682357907295227,0.2797694206237793,0.9949623346328735,0.0,0.0,0.0,0.0,0.0,0.0,0.0,0.0
96,0.41542530059814453,0.5170738101005554,0.0,0.0,0.39668020606040955,0.4921669065952301,0.0,0.0,0.2688060402870178,0.49545976519584656,0.2622676491737366,0.6324352622032166,0.10924949496984482,0.6261909604072571,0.39284032583236694,0.7544824481010437,0.41305485367774963,0.7787162065505981,0.5043168663978577,0.651267409324646,0.7487288117408752,0.6425864100456238,0.4077388346195221,0.9638555645942688,0.28486213088035583,0.9910323023796082,0.0,0.0,0.0,0.0,0.0,0.0,0.0,0.0
97,0.4118976294994354,0.5163356065750122,0.0,0.0,0.3944581151008606,0.49152663350105286,0.0,0.0,0.268623024225235,0.49463996291160583,0.2677260935306549,0.632423460483551,0.107417993247509,0.6253646612167358,0.3982587158679962,0.7532774806022644,0.4318850338459015,0.7736286520957947,0.49994099140167236,0.6508270502090454,0.770092248916626,0.6529176235198975,0.4213842749595642,0.9659603834152222,0.29148513078689575,0.9928998947143555,0.0,0.0,0.0,0.0,0.0,0.0,0.0,0.0
98,0.4094200134277344,0.5144065022468567,0.0,0.0,0.3967023193836212,0.4910343587398529,0.0,0.0,0.28401923179626465,0.4914036989212036,0.24930956959724426,0.6254307627677917,0.14327600598335266,0.6228033304214478,0.39252999424934387,0.735702395439148,0.4571564793586731,0.7538875341415405,0.48464271426200867,0.6552358865737915,0.8132498860359192,0.6585035920143127,0.3839958906173706,0.9696216583251953,0.2819331884384155,0.996320366859436,0.0,0.0,0.0,0.0,0.0,0.0,0.0,0.0
99,0.408108115196228,0.5151748061180115,0.0,0.0,0.396831214427948,0.4922887682914734,0.0,0.0,0.28277644515037537,0.4916492700576782,0.24222445487976074,0.6281671524047852,0.135123610496521,0.6209011673927307,0.39551275968551636,0.7429530620574951,0.46172475814819336,0.7442582845687866,0.48872748017311096,0.6537092328071594,0.8339300155639648,0.6634096503257751,0.3674699664115906,0.9694341421127319,0.26434624195098877,0.9961913824081421,0.0,0.0,0.0,0.0,0.0,0.0,0.0,0.0
100,0.40685907006263733,0.5164538621902466,0.0,0.0,0.39716219902038574,0.49339962005615234,0.0,0.0,0.2841128706932068,0.4907611906528473,0.23918652534484863,0.6346938610076904,0.13598179817199707,0.6180897951126099,0.3835984468460083,0.7672408819198608,0.4664149880409241,0.7394731044769287,0.4845929741859436,0.6595962643623352,0.8435140252113342,0.6708332300186157,0.3615911602973938,0.972403347492218,0.25938913226127625,0.996632993221283,0.0,0.0,0.0,0.0,0.0,0.0,0.0,0.0
101,0.4054475724697113,0.5176073312759399,0.0,0.0,0.3962794244289398,0.494139701128006,0.0,0.0,0.2828434407711029,0.4905720055103302,0.249193012714386,0.6374701857566833,0.13134630024433136,0.6150469183921814,0.3806174397468567,0.7803119421005249,0.47015246748924255,0.7323622107505798,0.4830731451511383,0.6620082855224609,0.8579952716827393,0.6762130260467529,0.35443922877311707,0.9740238189697266,0.2319377064704895,0.9965852499008179,0.0,0.0,0.0,0.0,0.0,0.0,0.0,0.0
102,0.40526270866394043,0.5179703831672668,0.0,0.0,0.3951168656349182,0.4944271147251129,0.0,0.0,0.28254836797714233,0.49066704511642456,0.2399609088897705,0.6404106020927429,0.13365554809570312,0.6156652569770813,0.3762153685092926,0.7791522145271301,0.4793425500392914,0.7309959530830383,0.481759637594223,0.6618892550468445,0.8759370446205139,0.6792638301849365,0.345156192779541,0.975817859172821,0.24563553929328918,0.9967020153999329,0.0,0.0,0.0,0.0,0.0,0.0,0.0,0.0
103,0.4045737385749817,0.5185151100158691,0.0,0.0,0.39496374130249023,0.4944949448108673,0.0,0.0,0.2830956280231476,0.4906361699104309,0.24596922099590302,0.6408754587173462,0.1345219910144806,0.6151344776153564,0.37510553002357483,0.7800928950309753,0.4843526780605316,0.730085551738739,0.4827790856361389,0.663738489151001,0.8824232220649719,0.6830111145973206,0.35281822085380554,0.9744218587875366,0.2446945160627365,0.9946222305297852,0.0,0.0,0.0,0.0,0.0,0.0,0.0,0.0
104,0.40511104464530945,0.5189512968063354,0.0,0.0,0.3943884074687958,0.49485543370246887,0.0,0.0,0.28137239813804626,0.4906467795372009,0.24577757716178894,0.6414505243301392,0.13370709121227264,0.6155886054039001,0.3790235221385956,0.7788011431694031,0.4807807505130768,0.731279194355011,0.48048028349876404,0.6626108288764954,0.8796561360359192,0.6827810406684875,0.34691426157951355,0.9760521054267883,0.24272777140140533,0.9958387613296509,0.0,0.0,0.0,0.0,0.0,0.0,0.0,0.0
105,0.40484490990638733,0.5193468332290649,0.0,0.0,0.39502134919166565,0.49542754888534546,0.0,0.0,0.28199413418769836,0.49065154790878296,0.2400422841310501,0.6413180232048035,0.1351473033428192,0.6148828268051147,0.38049936294555664,0.7806148529052734,0.4770227372646332,0.7338682413101196,0.47863802313804626,0.6622054576873779,0.8654409050941467,0.6817407608032227,0.344602108001709,0.9743055105209351,0.24431058764457703,0.994127631187439,0.0,0.0,0.0,0.0,0.0,0.0,0.0,0.0
106,0.40531566739082336,0.5201585292816162,0.0,0.0,0.39569127559661865,0.4961931109428406,0.0,0.0,0.2810418903827667,0.49077293276786804,0.24829262495040894,0.6401358246803284,0.12982329726219177,0.6168316602706909,0.3894299864768982,0.7795955538749695,0.46568408608436584,0.7404240965843201,0.48643916845321655,0.6610027551651001,0.8510503768920898,0.6804290413856506,0.36317113041877747,0.9752998352050781,0.25217539072036743,0.996264636516571,0.0,0.0,0.0,0.0,0.0,0.0,0.0,0.0
107,0.4081745147705078,0.5190261006355286,0.0,0.0,0.39672523736953735,0.4953492283821106,0.0,0.0,0.27962884306907654,0.4914517402648926,0.22837011516094208,0.62859046459198,0.13592131435871124,0.6201812624931335,0.395198255777359,0.7433789968490601,0.46470993757247925,0.7485325336456299,0.49082449078559875,0.6539245843887329,0.8388936519622803,0.677918016910553,0.3485220968723297,0.9681167602539062,0.2629782557487488,0.9946117997169495,0.0,0.0,0.0,0.0,0.0,0.0,0.0,0.0
108,0.4099876582622528,0.5178757905960083,0.0,0.0,0.39650192856788635,0.4940647482872009,0.0,0.0,0.27794772386550903,0.4915439486503601,0.24002188444137573,0.6273558735847473,0.1364259570837021,0.6220492720603943,0.39103731513023376,0.7424214482307434,0.45610639452934265,0.7594382762908936,0.4897562563419342,0.6527864933013916,0.8289560675621033,0.669745147228241,0.37338781356811523,0.9694055318832397,0.27828413248062134,0.9963609576225281,0.0,0.0,0.0,0.0,0.0,0.0,0.0,0.0
109,0.41428571939468384,0.5180097818374634,0.0,0.0,0.399920254945755,0.4940365254878998,0.0,0.0,0.2804466485977173,0.4920353293418884,0.2555180788040161,0.6248388290405273,0.1307375133037567,0.6240551471710205,0.3916636109352112,0.7419034838676453,0.4263923764228821,0.7707874178886414,0.48897692561149597,0.6524155735969543,0.8019182085990906,0.6678454875946045,0.38291481137275696,0.9654595255851746,0.270029753446579,0.994350790977478,0.0,0.0,0.0,0.0,0.0,0.0,0.0,0.0
110,0.4162318706512451,0.519008994102478,0.0,0.0,0.39678362011909485,0.49324655532836914,0.0,0.0,0.2642183005809784,0.4942243695259094,0.2647261917591095,0.6343311667442322,0.1051594614982605,0.6274060010910034,0.40143418312072754,0.754227340221405,0.4008248448371887,0.7848246097564697,0.494095116853714,0.6516207456588745,0.7544233798980713,0.6615200638771057,0.4212181866168976,0.9637737274169922,0.2974468767642975,0.991746723651886,0.0,0.0,0.0,0.0,0.0,0.0,0.0,0.0
111,0.4192109704017639,0.5191953778266907,0.0,0.0,0.39850008487701416,0.4919090270996094,0.0,0.0,0.26654714345932007,0.491402804851532,0.28445032238960266,0.6310424208641052,0.08712650090456009,0.6323816180229187,0.39990726113319397,0.7579300999641418,0.37770047783851624,0.8045930862426758,0.4973922669887543,0.653935432434082,0.7176493406295776,0.6638654470443726,0.4342555105686188,0.9602384567260742,0.28006500005722046,0.9913138151168823,0.0,0.0,0.0,0.0,0.0,0.0,0.0,0.0
112,0.42158153653144836,0.5199915170669556,0.0,0.0,0.4003015458583832,0.4946616590023041,0.0,0.0,0.27310439944267273,0.49775928258895874,0.27898600697517395,0.6320329904556274,0.10615509748458862,0.6326503753662109,0.40247827768325806,0.7637923955917358,0.36976152658462524,0.8141337037086487,0.4987787902355194,0.6562078595161438,0.6765099763870239,0.6549438834190369,0.4104127883911133,0.9636734127998352,0.2767150104045868,0.992425799369812,0.0,0.0,0.0,0.0,0.0,0.0,0.0,0.0
113,0.4256608188152313,0.5215902328491211,0.0,0.0,0.4033028781414032,0.4956391453742981,0.0,0.0,0.27626827359199524,0.49833354353904724,0.28660446405410767,0.6332733631134033,0.10689868777990341,0.6364260315895081,0.40583786368370056,0.7676849365234375,0.3499141335487366,0.828032374382019,0.5019695162773132,0.6464536786079407,0.6399605870246887,0.65179044008255,0.41376206278800964,0.9671877026557922,0.2774457633495331,0.996585488319397,0.0,0.0,0.0,0.0,0.0,0.0,0.0,0.0
114,0.4285247325897217,0.5186585783958435,0.0,0.0,0.4073900878429413,0.49253329634666443,0.0,0.0,0.29297104477882385,0.492072194814682,0.2819734811782837,0.6304161548614502,0.1405937224626541,0.6397526860237122,0.4024594724178314,0.7652446627616882,0.31907665729522705,0.8397728204727173,0.5092988610267639,0.6492587327957153,0.5900870561599731,0.6506973505020142,0.3878147602081299,0.9611564874649048,0.28812918066978455,0.9918289184570312,0.0,0.0,0.0,0.0,0.0,0.0,0.0,0.0
115,0.4332582652568817,0.5191108584403992,0.0,0.0,0.41144663095474243,0.4916342794895172,0.0,0.0,0.2937155067920685,0.4904192090034485,0.2748904824256897,0.6345987319946289,0.1468617022037506,0.6388702392578125,0.38809677958488464,0.7844604253768921,0.295751690864563,0.8491032123565674,0.5066190958023071,0.6528145670890808,0.5449318885803223,0.6561092138290405,0.37764179706573486,0.9523394107818604,0.287961483001709,0.9806589484214783,0.0,0.0,0.0,0.0,0.0,0.0,0.0,0.0
116,0.4370172321796417,0.5200988054275513,0.0,0.0,0.41328153014183044,0.4919792413711548,0.0,0.0,0.2941450774669647,0.48994579911231995,0.2937397062778473,0.6400285959243774,0.14150814712047577,0.6370570659637451,0.39406365156173706,0.8096334338188171,0.2832336723804474,0.8548170328140259,0.5135760307312012,0.6628404855728149,0.5173932313919067,0.6516930460929871,0.379117876291275,0.9516754150390625,0.2749413549900055,0.9768606424331665,0.0,0.0,0.0,0.0,0.0,0.0,0.0,0.0
117,0.43770819902420044,0.519549548625946,0.0,0.0,0.414140909910202,0.4918479025363922,0.0,0.0,0.29581472277641296,0.4898354411125183,0.3228757083415985,0.6391714215278625,0.12733882665634155,0.6378675699234009,0.42733144760131836,0.8136575818061829,0.2758096754550934,0.8583047986030579,0.513634979724884,0.6637274026870728,0.5034459233283997,0.6450538635253906,0.4023507237434387,0.9516153335571289,0.2654196321964264,0.9778230786323547,0.0,0.0,0.0,0.0,0.0,0.0,0.0,0.0
118,0.44163778424263,0.5207021236419678,0.0,0.0,0.41792383790016174,0.493158757686615,0.0,0.0,0.29678767919540405,0.49059879779815674,0.31938961148262024,0.6359302997589111,0.12452366948127747,0.6402939558029175,0.43552321195602417,0.8052862286567688,0.27406662702560425,0.8635860681533813,0.5079495310783386,0.6542679071426392,0.48494482040405273,0.6442211866378784,0.4001261591911316,0.9532997608184814,0.26770588755607605,0.9816926717758179,0.0,0.0,0.0,0.0,0.0,0.0,0.0,0.0
119,0.44415563344955444,0.5228310823440552,0.0,0.0,0.42169061303138733,0.4944440722465515,0.0,0.0,0.29965439438819885,0.4901605546474457,0.3244841992855072,0.634221076965332,0.1190071552991867,0.6422806978225708,0.43731698393821716,0.8022013306617737,0.26758989691734314,0.8661178946495056,0.4961261749267578,0.6611696481704712,0.4728793203830719,0.6469429731369019,0.3998766541481018,0.9483343958854675,0.2579902708530426,0.9786041378974915,0.0,0.0,0.0,0.0,0.0,0.0,0.0,0.0
120,0.44632411003112793,0.5222467184066772,0.0,0.0,0.42247745394706726,0.4940226674079895,0.0,0.0,0.29996997117996216,0.4908181428909302,0.3292451500892639,0.635371208190918,0.11653400212526321,0.644178569316864,0.4441653788089752,0.8010531067848206,0.2639113962650299,0.8674187064170837,0.4986681342124939,0.6618641018867493,0.4676862359046936,0.6459829211235046,0.39911049604415894,0.9554818868637085,0.2539121210575104,0.9862052798271179,0.0,0.0,0.0,0.0,0.0,0.0,0.0,0.0
121,0.44819021224975586,0.5226325392723083,0.0,0.0,0.42442670464515686,0.4943262040615082,0.0,0.0,0.30083778500556946,0.49049538373947144,0.3303416669368744,0.6356359720230103,0.11516405642032623,0.6444819569587708,0.4481871724128723,0.8006356954574585,0.2637481093406677,0.867688775062561,0.5020380020141602,0.659885585308075,0.463559627532959,0.6441707611083984,0.40064921975135803,0.9577932953834534,0.25611573457717896,0.9886501431465149,0.0,0.0,0.0,0.0,0.0,0.0,0.0,0.0
122,0.44927778840065,0.5223636031150818,0.0,0.0,0.4257774353027344,0.4942874312400818,0.0,0.0,0.30259838700294495,0.49023744463920593,0.32641178369522095,0.6358849406242371,0.11840654909610748,0.6448045969009399,0.4463535249233246,0.801038384437561,0.26655545830726624,0.8675277829170227,0.5047734975814819,0.6606438755989075,0.4652518630027771,0.6432899236679077,0.3926376402378082,0.9595842957496643,0.2545451819896698,0.9904069900512695,0.0,0.0,0.0,0.0,0.0,0.0,0.0,0.0
123,0.4488351047039032,0.5235830545425415,0.0,0.0,0.4275240898132324,0.49477094411849976,0.0,0.0,0.30475524067878723,0.490419864654541,0.33328449726104736,0.6344987750053406,0.10678433626890182,0.6405012607574463,0.45173418521881104,0.8068042993545532,0.2837071716785431,0.8648691773414612,0.5101823806762695,0.6623428463935852,0.47032588720321655,0.6462762951850891,0.4057316184043884,0.9622052907943726,0.2487880289554596,0.9902528524398804,0.0,0.0,0.0,0.0,0.0,0.0,0.0,0.0
124,0.44838622212409973,0.5218356251716614,0.0,0.0,0.42723941802978516,0.493373304605484,0.0,0.0,0.3064463436603546,0.4893418252468109,0.33099526166915894,0.6328274607658386,0.12511850893497467,0.6396710276603699,0.44192343950271606,0.8014110326766968,0.28905126452445984,0.8622411489486694,0.5059391260147095,0.6565178632736206,0.48136308789253235,0.6404970288276672,0.40484315156936646,0.951558530330658,0.2551006078720093,0.9809837341308594,0.0,0.0,0.0,0.0,0.0,0.0,0.0,0.0
125,0.44678470492362976,0.5202697515487671,0.0,0.0,0.42497485876083374,0.4921872019767761,0.0,0.0,0.3053666055202484,0.48986443877220154,0.32926732301712036,0.6349773406982422,0.1330561339855194,0.6369169354438782,0.4352840781211853,0.8065258264541626,0.29457974433898926,0.8575555682182312,0.5150048136711121,0.6556867361068726,0.49672237038612366,0.640608012676239,0.41305527091026306,0.9544374346733093,0.2675846219062805,0.9816620349884033,0.0,0.0,0.0,0.0,0.0,0.0,0.0,0.0
126,0.4460550844669342,0.5198949575424194,0.0,0.0,0.4233227074146271,0.49166712164878845,0.0,0.0,0.3010675013065338,0.490041583776474,0.3024027645587921,0.6398036479949951,0.14284439384937286,0.6364272832870483,0.3999284505844116,0.8064953088760376,0.30919110774993896,0.8469786047935486,0.521327793598175,0.6524165272712708,0.5234423875808716,0.6376403570175171,0.3994300067424774,0.9574273824691772,0.2871794104576111,0.98244309425354,0.0,0.0,0.0,0.0,0.0,0.0,0.0,0.0
127,0.4452063739299774,0.5192815065383911,0.0,0.0,0.4226222634315491,0.49102434515953064,0.0,0.0,0.29817691445350647,0.49011391401290894,0.2905966341495514,0.6345103979110718,0.14680005609989166,0.6381871700286865,0.39138972759246826,0.7875896692276001,0.32156452536582947,0.8412954807281494,0.5158606767654419,0.655441164970398,0.5468776822090149,0.6493875980377197,0.3904813230037689,0.9530295133590698,0.28094780445098877,0.9813559055328369,0.0,0.0,0.0,0.0,0.0,0.0,0.0,0.0
128,0.4422476291656494,0.5181511640548706,0.0,0.0,0.41993510723114014,0.49146798253059387,0.0,0.0,0.2977306842803955,0.49103865027427673,0.28943008184432983,0.6291429996490479,0.14580029249191284,0.6395950317382812,0.4077063798904419,0.7639804482460022,0.34310001134872437,0.832875669002533,0.5086641907691956,0.6478618383407593,0.5915435552597046,0.6439456343650818,0.3911170959472656,0.9586955904960632,0.2864832878112793,0.9893593192100525,0.0,0.0,0.0,0.0,0.0,0.0,0.0,0.0
129,0.43905776739120483,0.5202825665473938,0.0,0.0,0.42038169503211975,0.49442237615585327,0.0,0.0,0.2988815903663635,0.49145716428756714,0.30153965950012207,0.6208637952804565,0.12171950191259384,0.632152259349823,0.416312575340271,0.7585903406143188,0.3784371614456177,0.8168516159057617,0.506991446018219,0.6513193249702454,0.6392300128936768,0.6471568942070007,0.40542060136795044,0.9633280038833618,0.27027904987335205,0.9944673776626587,0.0,0.0,0.0,0.0,0.0,0.0,0.0,0.0
130,0.437821626663208,0.5165849924087524,0.0,0.0,0.4164097309112549,0.49170321226119995,0.0,0.0,0.29345574975013733,0.49127283692359924,0.2953936755657196,0.6228058338165283,0.1408010721206665,0.6325322985649109,0.4193984866142273,0.7498132586479187,0.3999520540237427,0.8080571889877319,0.5034400224685669,0.6511274576187134,0.6916934251785278,0.6420010328292847,0.4073532819747925,0.9669479727745056,0.288036972284317,0.9978657364845276,0.0,0.0,0.0,0.0,0.0,0.0,0.0,0.0
131,0.4391481280326843,0.5184775590896606,0.0,0.0,0.4145137369632721,0.4901060163974762,0.0,0.0,0.27650535106658936,0.49053630232810974,0.3105621039867401,0.6334768533706665,0.09656160324811935,0.6346501111984253,0.4126802384853363,0.766410768032074,0.39742982387542725,0.809429407119751,0.5129188895225525,0.6586260199546814,0.7139154076576233,0.6522809863090515,0.4520591199398041,0.969358503818512,0.2866324484348297,0.9989317059516907,0.0,0.0,0.0,0.0,0.0,0.0,0.0,0.0
132,0.42976438999176025,0.5169461369514465,0.0,0.0,0.4108043313026428,0.4922388195991516,0.0,0.0,0.2859918773174286,0.4903177320957184,0.287699818611145,0.618330180644989,0.12051473557949066,0.6229044795036316,0.41071149706840515,0.7528087496757507,0.42600885033607483,0.7873079776763916,0.4974853992462158,0.652377724647522,0.744872510433197,0.6528701782226562,0.39277464151382446,0.9573692083358765,0.25951436161994934,0.9865981936454773,0.0,0.0,0.0,0.0,0.0,0.0,0.0,0.0
133,0.4284047782421112,0.5166534185409546,0.0,0.0,0.4075883626937866,0.4913729131221771,0.0,0.0,0.2821822166442871,0.490388423204422,0.2781590223312378,0.6245481371879578,0.14435848593711853,0.6245288848876953,0.4136541485786438,0.744731068611145,0.44151926040649414,0.7806588411331177,0.4948934018611908,0.6559420824050903,0.7792280316352844,0.6640127897262573,0.380858451128006,0.9619864225387573,0.26606273651123047,0.9884084463119507,0.0,0.0,0.0,0.0,0.0,0.0,0.0,0.0
134,0.4255059063434601,0.5163341164588928,0.0,0.0,0.4056541323661804,0.49154600501060486,0.0,0.0,0.2778763771057129,0.4917640686035156,0.27022644877433777,0.6250162124633789,0.14426065981388092,0.6252354383468628,0.40971893072128296,0.7450155019760132,0.4550173580646515,0.7732664942741394,0.49702271819114685,0.6562317609786987,0.8059939742088318,0.6669870615005493,0.39190030097961426,0.965092122554779,0.27649378776550293,0.9925457239151001,0.0,0.0,0.0,0.0,0.0,0.0,0.0,0.0
135,0.42275679111480713,0.517458438873291,0.0,0.0,0.4029974341392517,0.4925292432308197,0.0,0.0,0.274350106716156,0.4921717643737793,0.25265830755233765,0.6275032162666321,0.14617416262626648,0.6246889233589172,0.40633878111839294,0.7455713152885437,0.4631398916244507,0.7684372067451477,0.4966185390949249,0.6553888320922852,0.8199573159217834,0.6728038787841797,0.3742280900478363,0.9649471044540405,0.2786203920841217,0.9918365478515625,0.0,0.0,0.0,0.0,0.0,0.0,0.0,0.0
136,0.41933873295783997,0.5180696249008179,0.0,0.0,0.400342732667923,0.4932113587856293,0.0,0.0,0.27092814445495605,0.4926566183567047,0.24216622114181519,0.6289216876029968,0.14473673701286316,0.625100314617157,0.4046812355518341,0.742718517780304,0.47346174716949463,0.7620174288749695,0.497219055891037,0.6534664034843445,0.8328511714935303,0.6754910349845886,0.3619820773601532,0.9651691317558289,0.27252477407455444,0.9919430613517761,0.0,0.0,0.0,0.0,0.0,0.0,0.0,0.0
137,0.4172760844230652,0.5189779996871948,0.0,0.0,0.3989722430706024,0.49379056692123413,0.0,0.0,0.2690002918243408,0.4922700822353363,0.24099570512771606,0.6289964318275452,0.1417771279811859,0.6238811612129211,0.41014617681503296,0.738365113735199,0.4786014258861542,0.7547181248664856,0.4972991347312927,0.6551199555397034,0.8386117219924927,0.6833694577217102,0.35991600155830383,0.9637805819511414,0.2680142819881439,0.9902650713920593,0.0,0.0,0.0,0.0,0.0,0.0,0.0,0.0
138,0.41427284479141235,0.5195223689079285,0.0,0.0,0.399048775434494,0.49458831548690796,0.0,0.0,0.27090394496917725,0.4931719899177551,0.24587851762771606,0.6285709738731384,0.14113794267177582,0.6265584826469421,0.41245320439338684,0.7357414364814758,0.48366332054138184,0.7499784827232361,0.4975768029689789,0.6559585928916931,0.8466320633888245,0.6864416599273682,0.36681103706359863,0.9637224078178406,0.2575524151325226,0.9921683073043823,0.0,0.0,0.0,0.0,0.0,0.0,0.0,0.0
139,0.4136779010295868,0.5199713706970215,0.0,0.0,0.39742109179496765,0.4948047697544098,0.0,0.0,0.2676472067832947,0.4928510785102844,0.2428697645664215,0.6289939880371094,0.13996616005897522,0.6249517202377319,0.4102587401866913,0.7407820224761963,0.4861580729484558,0.7485150098800659,0.4967385232448578,0.6566421985626221,0.8491488695144653,0.691544234752655,0.3593241274356842,0.9633833765983582,0.2531987428665161,0.9915297031402588,0.0,0.0,0.0,0.0,0.0,0.0,0.0,0.0
140,0.41240641474723816,0.5196502804756165,0.0,0.0,0.39466917514801025,0.4949292540550232,0.0,0.0,0.26400014758110046,0.4933980405330658,0.23784801363945007,0.6293575763702393,0.14266687631607056,0.6252004504203796,0.4073983132839203,0.7417547702789307,0.4898614287376404,0.7479243874549866,0.49412474036216736,0.6572332978248596,0.8587841391563416,0.6924391388893127,0.34770679473876953,0.9632472991943359,0.24920383095741272,0.9914917349815369,0.0,0.0,0.0,0.0,0.0,0.0,0.0,0.0
141,0.41203606128692627,0.5194562077522278,0.0,0.0,0.39350655674934387,0.4943598806858063,0.0,0.0,0.26041728258132935,0.49303409457206726,0.24454396963119507,0.6272194385528564,0.1417207568883896,0.6252049207687378,0.4118918776512146,0.7394874691963196,0.4913040101528168,0.7477945685386658,0.4935331642627716,0.6570940017700195,0.8619254231452942,0.6949403882026672,0.3594639301300049,0.9599268436431885,0.2508714199066162,0.9895238876342773,0.0,0.0,0.0,0.0,0.0,0.0,0.0,0.0
142,0.41188913583755493,0.51899254322052,0.0,0.0,0.3902216851711273,0.4937248229980469,0.0,0.0,0.2559264004230499,0.49227994680404663,0.2427874505519867,0.6279596090316772,0.13790443539619446,0.6234865188598633,0.4078855812549591,0.7407514452934265,0.484299898147583,0.7514030337333679,0.494598388671875,0.6566219329833984,0.8566750884056091,0.6947466135025024,0.3521614074707031,0.9635912775993347,0.2533363401889801,0.9910541772842407,0.0,0.0,0.0,0.0,0.0,0.0,0.0,0.0
143,0.41116461157798767,0.5190561413764954,0.0,0.0,0.387740820646286,0.4930216670036316,0.0,0.0,0.25199368596076965,0.49176138639450073,0.24879083037376404,0.6256933212280273,0.1405647248029709,0.6234984993934631,0.40587303042411804,0.737612783908844,0.4791780710220337,0.7569286227226257,0.49162495136260986,0.6559383869171143,0.8460797071456909,0.6957483291625977,0.3637987971305847,0.9567663073539734,0.2612646520137787,0.9847004413604736,0.0,0.0,0.0,0.0,0.0,0.0,0.0,0.0
144,0.4124302566051483,0.518220067024231,0.0,0.0,0.38803353905677795,0.4924306869506836,0.0,0.0,0.25001272559165955,0.49195441603660583,0.25587037205696106,0.6249902844429016,0.14391830563545227,0.6256911754608154,0.4049883484840393,0.7448738813400269,0.47504064440727234,0.7671108245849609,0.48929211497306824,0.6584513187408447,0.8367545008659363,0.69410240650177,0.3825124204158783,0.9555725455284119,0.27271178364753723,0.9850757718086243,0.0,0.0,0.0,0.0,0.0,0.0,0.0,0.0
145,0.4161946475505829,0.5171640515327454,0.0,0.0,0.3893655836582184,0.4910586476325989,0.0,0.0,0.24724093079566956,0.49131128191947937,0.260094553232193,0.6263856887817383,0.13453996181488037,0.6260858774185181,0.40546977519989014,0.7491657733917236,0.4603536128997803,0.773529052734375,0.48618069291114807,0.6576296091079712,0.8251393437385559,0.6894174814224243,0.3885105550289154,0.9595726728439331,0.277863085269928,0.9886051416397095,0.0,0.0,0.0,0.0,0.0,0.0,0.0,0.0
146,0.41955864429473877,0.517024040222168,0.0,0.0,0.39173007011413574,0.49089184403419495,0.0,0.0,0.24833837151527405,0.4912625551223755,0.27300965785980225,0.6240726709365845,0.13284090161323547,0.6272515058517456,0.4137797951698303,0.7477916479110718,0.44825583696365356,0.7799112200737,0.4887637794017792,0.6583263874053955,0.8059248924255371,0.6823647022247314,0.3911595940589905,0.9600037336349487,0.2656063437461853,0.9896066784858704,0.0,0.0,0.0,0.0,0.0,0.0,0.0,0.0
147,0.4227207601070404,0.5164161920547485,0.0,0.0,0.39407259225845337,0.49112892150878906,0.0,0.0,0.2528994679450989,0.4908955991268158,0.27515673637390137,0.6225022673606873,0.13365092873573303,0.6268492341041565,0.417284220457077,0.7477288842201233,0.42361095547676086,0.78965163230896,0.489748477935791,0.6587345004081726,0.7738034129142761,0.6809387803077698,0.3788928687572479,0.9571933746337891,0.26081058382987976,0.9869930148124695,0.0,0.0,0.0,0.0,0.0,0.0,0.0,0.0
148,0.42491474747657776,0.5168954133987427,0.0,0.0,0.3935186564922333,0.4894599914550781,0.0,0.0,0.24710747599601746,0.493773490190506,0.28785204887390137,0.6321814060211182,0.11096630245447159,0.6347697377204895,0.41102635860443115,0.760150134563446,0.40684774518013,0.8082722425460815,0.4877614974975586,0.6644999384880066,0.7402839064598083,0.6709949374198914,0.42380577325820923,0.9660703539848328,0.283536434173584,0.9955798983573914,0.0,0.0,0.0,0.0,0.0,0.0,0.0,0.0
149,0.4277096390724182,0.5168811678886414,0.0,0.0,0.39690059423446655,0.48992919921875,0.0,0.0,0.2536408305168152,0.49511051177978516,0.2867051064968109,0.6316280364990234,0.1136183813214302,0.636979341506958,0.4050368666648865,0.7655830383300781,0.39133915305137634,0.8204506635665894,0.49342018365859985,0.6658615469932556,0.7058412432670593,0.669737696647644,0.415767103433609,0.9646494388580322,0.2802620232105255,0.9947511553764343,0.0,0.0,0.0,0.0,0.0,0.0,0.0,0.0
150,0.4317956566810608,0.5178389549255371,0.0,0.0,0.4024565815925598,0.4909266531467438,0.0,0.0,0.26138535141944885,0.49550551176071167,0.2874357998371124,0.6350181102752686,0.11644859611988068,0.6378093361854553,0.40953898429870605,0.7750843167304993,0.3761575520038605,0.8267215490341187,0.5009096264839172,0.6624286770820618,0.6713664531707764,0.6618043780326843,0.417908251285553,0.9655901193618774,0.2886017858982086,0.9947671890258789,0.0,0.0,0.0,0.0,0.0,0.0,0.0,0.0
151,0.43347737193107605,0.5201301574707031,0.0,0.0,0.4033264219760895,0.4928523898124695,0.0,0.0,0.2640419900417328,0.4972078204154968,0.292144775390625,0.6320749521255493,0.11515320837497711,0.6383796334266663,0.4097449779510498,0.7755793333053589,0.36528491973876953,0.837436318397522,0.5044424533843994,0.6570980548858643,0.6460737586021423,0.6525495648384094,0.40430256724357605,0.9642109274864197,0.2699597179889679,0.9937372803688049,0.0,0.0,0.0,0.0,0.0,0.0,0.0,0.0
152,0.4347267150878906,0.5163523554801941,0.0,0.0,0.4036690592765808,0.48822450637817383,0.0,0.0,0.2700508236885071,0.49107837677001953,0.29254722595214844,0.6329892873764038,0.14145325124263763,0.6418617367744446,0.4069409668445587,0.7736312747001648,0.3400558829307556,0.8428718447685242,0.5164417028427124,0.6563624739646912,0.6021009087562561,0.6585873365402222,0.39834216237068176,0.9643489718437195,0.28582870960235596,0.993385910987854,0.0,0.0,0.0,0.0,0.0,0.0,0.0,0.0
153,0.4363115131855011,0.5159913301467896,0.0,0.0,0.4044923782348633,0.4872259497642517,0.0,0.0,0.2694689929485321,0.48923006653785706,0.28372010588645935,0.6342868804931641,0.14288435876369476,0.63995760679245,0.3937004506587982,0.7816212773323059,0.3154945373535156,0.8470404148101807,0.5044045448303223,0.6557543873786926,0.5654869079589844,0.6601659059524536,0.3880281150341034,0.9592263102531433,0.28813880681991577,0.9872115850448608,0.0,0.0,0.0,0.0,0.0,0.0,0.0,0.0
154,0.43974611163139343,0.5169654488563538,0.0,0.0,0.40719953179359436,0.48758822679519653,0.0,0.0,0.2706893980503082,0.48906707763671875,0.2888531982898712,0.6377602219581604,0.14412811398506165,0.6380213499069214,0.3892340064048767,0.8009622693061829,0.301996648311615,0.8501176834106445,0.5117429494857788,0.666002094745636,0.5377568006515503,0.658298671245575,0.38197293877601624,0.9518669247627258,0.28148403763771057,0.9777342677116394,0.0,0.0,0.0,0.0,0.0,0.0,0.0,0.0
155,0.4408605098724365,0.5171117782592773,0.0,0.0,0.4089326560497284,0.48810750246047974,0.0,0.0,0.2737257182598114,0.4897025227546692,0.30754974484443665,0.6391774415969849,0.13914744555950165,0.6398773193359375,0.4093625247478485,0.8094860315322876,0.2931157350540161,0.8547441363334656,0.5179435610771179,0.670630156993866,0.5133158564567566,0.6519025564193726,0.40294334292411804,0.9535205960273743,0.2833755612373352,0.9798036813735962,0.0,0.0,0.0,0.0,0.0,0.0,0.0,0.0
156,0.4431505799293518,0.5161958932876587,0.0,0.0,0.40986838936805725,0.4871085584163666,0.0,0.0,0.2751358151435852,0.4884004592895508,0.32701191306114197,0.637472927570343,0.13098284602165222,0.6395830512046814,0.4389931857585907,0.809942901134491,0.2839488685131073,0.8605261445045471,0.5125489234924316,0.6593568921089172,0.4998774230480194,0.6442936062812805,0.4092382788658142,0.9528477191925049,0.2746495306491852,0.9793327450752258,0.0,0.0,0.0,0.0,0.0,0.0,0.0,0.0
157,0.4461123049259186,0.5158789753913879,0.0,0.0,0.4128861725330353,0.4867914319038391,0.0,0.0,0.27757781744003296,0.4881591200828552,0.3370339274406433,0.6361721158027649,0.12676170468330383,0.6422954201698303,0.4439046084880829,0.809660792350769,0.2693708837032318,0.8650447726249695,0.5041609406471252,0.6675348877906799,0.4786761701107025,0.6527547836303711,0.4110272228717804,0.9492882490158081,0.2651658058166504,0.9776723980903625,0.0,0.0,0.0,0.0,0.0,0.0,0.0,0.0
158,0.4486021399497986,0.515337347984314,0.0,0.0,0.4139802157878876,0.4861454367637634,0.0,0.0,0.2773744463920593,0.48769283294677734,0.34044384956359863,0.6369242072105408,0.1263175904750824,0.6431934237480164,0.4468461275100708,0.8081789016723633,0.2642645239830017,0.8669368624687195,0.49983876943588257,0.6689476370811462,0.47226953506469727,0.654282808303833,0.41331881284713745,0.9545851349830627,0.2677280008792877,0.9827526807785034,0.0,0.0,0.0,0.0,0.0,0.0,0.0,0.0
159,0.44894182682037354,0.5150406956672668,0.0,0.0,0.41548579931259155,0.48592156171798706,0.0,0.0,0.27832162380218506,0.48750677704811096,0.3483569920063019,0.6349789500236511,0.12136416882276535,0.6436811685562134,0.4542437493801117,0.8051463961601257,0.2576417922973633,0.8673688769340515,0.5007725358009338,0.6669195890426636,0.4660854935646057,0.65508633852005,0.4205903112888336,0.9489879608154297,0.26059645414352417,0.9790128469467163,0.0,0.0,0.0,0.0,0.0,0.0,0.0,0.0
160,0.4494054317474365,0.5146629810333252,0.0,0.0,0.41394519805908203,0.485460489988327,0.0,0.0,0.2768825888633728,0.4873477816581726,0.3459205627441406,0.6376112103462219,0.12422087043523788,0.6424493193626404,0.4505128860473633,0.8095948100090027,0.25722256302833557,0.8675796985626221,0.5004600286483765,0.6672325730323792,0.470314621925354,0.6539755463600159,0.41599273681640625,0.9575109481811523,0.2656863033771515,0.9851096868515015,0.0,0.0,0.0,0.0,0.0,0.0,0.0,0.0
161,0.44792869687080383,0.5146811604499817,0.0,0.0,0.4123680293560028,0.4858781099319458,0.0,0.0,0.2759241759777069,0.4876532554626465,0.3419770896434784,0.6378755569458008,0.12731802463531494,0.6406944394111633,0.44728386402130127,0.8126352429389954,0.26632359623908997,0.8643057346343994,0.5079540014266968,0.6680611968040466,0.48029226064682007,0.6527260541915894,0.41132602095603943,0.9553290009498596,0.2662678062915802,0.9821615219116211,0.0,0.0,0.0,0.0,0.0,0.0,0.0,0.0
162,0.44561767578125,0.5141183137893677,0.0,0.0,0.41006773710250854,0.4850676655769348,0.0,0.0,0.27387362718582153,0.4884466230869293,0.33954352140426636,0.6396175622940063,0.12994012236595154,0.640557050704956,0.443831205368042,0.8114233016967773,0.2782736122608185,0.860220730304718,0.5165195465087891,0.6609955430030823,0.5005413293838501,0.6461787819862366,0.4185314178466797,0.9567492008209229,0.27398163080215454,0.9824073910713196,0.0,0.0,0.0,0.0,0.0,0.0,0.0,0.0
163,0.44351857900619507,0.5154696702957153,0.0,0.0,0.40922248363494873,0.4862179160118103,0.0,0.0,0.2721218466758728,0.4884919226169586,0.3317810297012329,0.6417713761329651,0.13523313403129578,0.6376497745513916,0.43289756774902344,0.8163141012191772,0.287695974111557,0.849452018737793,0.5174504518508911,0.673855721950531,0.5197826027870178,0.6522289514541626,0.41531193256378174,0.9526427984237671,0.2738557755947113,0.9769347906112671,0.0,0.0,0.0,0.0,0.0,0.0,0.0,0.0
164,0.4406682252883911,0.5147455334663391,0.0,0.0,0.40525293350219727,0.48562994599342346,0.0,0.0,0.26526302099227905,0.4893222153186798,0.29581591486930847,0.6385109424591064,0.1422988474369049,0.6384458541870117,0.38847893476486206,0.7979130148887634,0.3046565055847168,0.8441768884658813,0.5074195265769958,0.6659873127937317,0.5536569356918335,0.6595617532730103,0.3929726481437683,0.9571362137794495,0.28484782576560974,0.9828516244888306,0.0,0.0,0.0,0.0,0.0,0.0,0.0,0.0
165,0.43836021423339844,0.5188934206962585,0.0,0.0,0.4025292694568634,0.49004891514778137,0.0,0.0,0.25602826476097107,0.4949733018875122,0.31765010952949524,0.6388822793960571,0.11349796503782272,0.637968897819519,0.4116344749927521,0.7955604195594788,0.3373548686504364,0.8374512195587158,0.521690845489502,0.6544215083122253,0.5956065058708191,0.655564546585083,0.42721349000930786,0.9680126309394836,0.27256202697753906,0.9939037561416626,0.0,0.0,0.0,0.0,0.0,0.0,0.0,0.0
166,0.434112548828125,0.5183577537536621,0.0,0.0,0.3978716731071472,0.48970910906791687,0.0,0.0,0.25268274545669556,0.4944916069507599,0.3132520616054535,0.635901153087616,0.11559002846479416,0.6341763138771057,0.41820186376571655,0.7781822681427002,0.371766597032547,0.8193819522857666,0.5125607252120972,0.6579767465591431,0.6556409001350403,0.6480974555015564,0.42537549138069153,0.9696121215820312,0.27940505743026733,0.9949182271957397,0.0,0.0,0.0,0.0,0.0,0.0,0.0,0.0
167,0.42688804864883423,0.5155407786369324,0.0,0.0,0.390869140625,0.48740389943122864,0.0,0.0,0.2451096475124359,0.49272099137306213,0.30091366171836853,0.6317712068557739,0.11603732407093048,0.6304079294204712,0.41136372089385986,0.7669564485549927,0.3916988670825958,0.803820013999939,0.5097258687019348,0.6642395853996277,0.6957902908325195,0.6470739841461182,0.42035505175590515,0.9669382572174072,0.27956146001815796,0.9932020306587219,0.0,0.0,0.0,0.0,0.0,0.0,0.0,0.0
168,0.41945555806159973,0.5146766901016235,0.0,0.0,0.3811896741390228,0.48542386293411255,0.0,0.0,0.2342105507850647,0.48886269330978394,0.30307793617248535,0.6337174773216248,0.10762041062116623,0.6299816370010376,0.4153159558773041,0.7764778137207031,0.410706102848053,0.7949448823928833,0.5142451524734497,0.6671043634414673,0.7317085266113281,0.652932345867157,0.4341133236885071,0.9647614359855652,0.28696149587631226,0.9918680191040039,0.0,0.0,0.0,0.0,0.0,0.0,0.0,0.0
169,0.413565069437027,0.5149357914924622,0.0,0.0,0.37649619579315186,0.48613348603248596,0.0,0.0,0.228445902466774,0.4912499487400055,0.29203036427497864,0.6338167190551758,0.11676976829767227,0.6288405060768127,0.4117932915687561,0.7662331461906433,0.4257515072822571,0.7846910357475281,0.5083536505699158,0.6647282242774963,0.7601140737533569,0.6509115695953369,0.4304283857345581,0.9627584218978882,0.29370683431625366,0.9891871213912964,0.0,0.0,0.0,0.0,0.0,0.0,0.0,0.0
170,0.409263014793396,0.5125228762626648,0.41330116987228394,0.4950757324695587,0.3685108721256256,0.48497048020362854,0.0,0.0,0.22359946370124817,0.49092787504196167,0.2914251387119293,0.62681645154953,0.14147363603115082,0.6266546845436096,0.41178444027900696,0.7495961785316467,0.4582770764827728,0.7709357142448425,0.49648183584213257,0.6650348901748657,0.7943676710128784,0.6603877544403076,0.39429354667663574,0.9673586487770081,0.2691490948200226,0.9934620261192322,0.0,0.0,0.0,0.0,0.0,0.0,0.0,0.0
171,0.4011680483818054,0.5123810768127441,0.40874287486076355,0.4945422410964966,0.3606880307197571,0.48436832427978516,0.0,0.0,0.21820957958698273,0.49006742238998413,0.286255806684494,0.6257294416427612,0.14053480327129364,0.624060869216919,0.4109964966773987,0.7438374161720276,0.46710658073425293,0.7607010006904602,0.4991438090801239,0.665369987487793,0.8194863200187683,0.6607940196990967,0.38808321952819824,0.9685508608818054,0.2613212466239929,0.994188666343689,0.0,0.0,0.0,0.0,0.0,0.0,0.0,0.0
172,0.39455676078796387,0.5125906467437744,0.4062790870666504,0.4942835867404938,0.3547459840774536,0.48452624678611755,0.0,0.0,0.21485762298107147,0.4884762763977051,0.27466821670532227,0.6331070065498352,0.14516474306583405,0.6203298568725586,0.40529966354370117,0.766983151435852,0.47208473086357117,0.754041850566864,0.5018470883369446,0.6685964465141296,0.8361621499061584,0.6661009192466736,0.3604784607887268,0.9731919169425964,0.2469855099916458,0.9954971075057983,0.0,0.0,0.0,0.0,0.0,0.0,0.0,0.0
173,0.3881172239780426,0.511698842048645,0.40261000394821167,0.4927745759487152,0.34770065546035767,0.4836658835411072,0.0,0.0,0.2097543478012085,0.488682359457016,0.28073298931121826,0.6388384699821472,0.14650404453277588,0.6194173097610474,0.40132540464401245,0.781169593334198,0.473878413438797,0.7481400370597839,0.4972189962863922,0.6747733354568481,0.8397487998008728,0.674266517162323,0.37015074491500854,0.9736997485160828,0.2512308657169342,0.9933044910430908,0.0,0.0,0.0,0.0,0.0,0.0,0.0,0.0
174,0.384745717048645,0.5124714374542236,0.4016788899898529,0.49225205183029175,0.3429200053215027,0.48341360688209534,0.0,0.0,0.20512022078037262,0.4867962896823883,0.2862258851528168,0.6406076550483704,0.14407594501972198,0.6184212565422058,0.3981013000011444,0.7863951921463013,0.4698367714881897,0.7460050582885742,0.49344193935394287,0.6781336069107056,0.8469126224517822,0.678444504737854,0.3692266643047333,0.9746835827827454,0.2469661831855774,0.9929634928703308,0.0,0.0,0.0,0.0,0.0,0.0,0.0,0.0
175,0.3804638683795929,0.5126405954360962,0.39925429224967957,0.49196118116378784,0.33919423818588257,0.4832044541835785,0.0,0.0,0.20220620930194855,0.48539257049560547,0.2879537045955658,0.6414932608604431,0.14060601592063904,0.6152042150497437,0.39601075649261475,0.7942503690719604,0.4719829857349396,0.7399675250053406,0.48477697372436523,0.6920670866966248,0.8556669354438782,0.6818456649780273,0.36390015482902527,0.972957968711853,0.23296500742435455,0.9902225732803345,0.0,0.0,0.0,0.0,0.0,0.0,0.0,0.0
176,0.377591609954834,0.5128593444824219,0.3976137042045593,0.4929262101650238,0.33578354120254517,0.4835483729839325,0.0,0.0,0.19977609813213348,0.48499125242233276,0.2834561765193939,0.6410242319107056,0.13604529201984406,0.6140581965446472,0.3956904113292694,0.7908031940460205,0.4679414629936218,0.7397621273994446,0.4859544634819031,0.6905410289764404,0.8635896444320679,0.6862035393714905,0.34909507632255554,0.9721807241439819,0.226758673787117,0.9895337820053101,0.0,0.0,0.0,0.0,0.0,0.0,0.0,0.0
177,0.37531358003616333,0.5133132934570312,0.3963427245616913,0.4928838610649109,0.33352187275886536,0.4838327467441559,0.0,0.0,0.1976499706506729,0.48606064915657043,0.29356780648231506,0.6405118703842163,0.136569082736969,0.6129896640777588,0.39958420395851135,0.7932692170143127,0.4717196226119995,0.7380207180976868,0.4861394166946411,0.6941431164741516,0.864645779132843,0.6890745162963867,0.3671032786369324,0.9713243842124939,0.2257230132818222,0.9880442023277283,0.0,0.0,0.0,0.0,0.0,0.0,0.0,0.0
178,0.375163197517395,0.5139727592468262,0.39727962017059326,0.4933963716030121,0.3323284685611725,0.4842364192008972,0.0,0.0,0.19673825800418854,0.485639750957489,0.28332141041755676,0.6402033567428589,0.1409567892551422,0.6147906184196472,0.3960573971271515,0.7902880907058716,0.47306951880455017,0.7432486414909363,0.4895212948322296,0.6894885897636414,0.8662136793136597,0.6906339526176453,0.35475218296051025,0.9727634191513062,0.23317372798919678,0.9904852509498596,0.0,0.0,0.0,0.0,0.0,0.0,0.0,0.0
179,0.37396979331970215,0.5141733288764954,0.39624422788619995,0.4935789108276367,0.33100661635398865,0.48447123169898987,0.0,0.0,0.19666393101215363,0.48638296127319336,0.28688278794288635,0.640344500541687,0.14141981303691864,0.616735577583313,0.3972156047821045,0.7885252833366394,0.47048890590667725,0.7483711242675781,0.5013701319694519,0.683600127696991,0.855412483215332,0.6914839148521423,0.36286622285842896,0.9709876775741577,0.2392142117023468,0.9888452887535095,0.0,0.0,0.0,0.0,0.0,0.0,0.0,0.0
180,0.37430962920188904,0.5139468312263489,0.39759624004364014,0.49370330572128296,0.3312097191810608,0.4844513237476349,0.0,0.0,0.1983666867017746,0.487492173910141,0.28860408067703247,0.6382943987846375,0.1465941220521927,0.6183605790138245,0.40147536993026733,0.7861807942390442,0.47066983580589294,0.7566558718681335,0.5072306394577026,0.6755310893058777,0.8442659974098206,0.6896688342094421,0.367326021194458,0.9657684564590454,0.24802619218826294,0.985173225402832,0.0,0.0,0.0,0.0,0.0,0.0,0.0,0.0
181,0.37638425827026367,0.5134313702583313,0.3994379937648773,0.4927269220352173,0.33118194341659546,0.4829629957675934,0.0,0.0,0.1975456178188324,0.48738718032836914,0.2787685692310333,0.625744640827179,0.1498900204896927,0.6219721436500549,0.4033965468406677,0.7471380233764648,0.46522995829582214,0.7641379833221436,0.5082699060440063,0.6681340932846069,0.833383321762085,0.6860731244087219,0.35667064785957336,0.9642049670219421,0.24547463655471802,0.9890222549438477,0.0,0.0,0.0,0.0,0.0,0.0,0.0,0.0
182,0.3789032995700836,0.5134733319282532,0.4016062319278717,0.4926435649394989,0.3340677320957184,0.48291635513305664,0.0,0.0,0.19932200014591217,0.48817548155784607,0.3000125586986542,0.6232115030288696,0.14697368443012238,0.6230432987213135,0.4094827473163605,0.7489737272262573,0.4593142569065094,0.774155855178833,0.5071587562561035,0.6665995121002197,0.81620854139328,0.6831245422363281,0.3936196267604828,0.9665583372116089,0.25075700879096985,0.9922556281089783,0.0,0.0,0.0,0.0,0.0,0.0,0.0,0.0
183,0.3827785849571228,0.5134803056716919,0.4051995277404785,0.4928448796272278,0.33627843856811523,0.4824814200401306,0.0,0.0,0.20164541900157928,0.4870719015598297,0.3096460700035095,0.6234303116798401,0.14632125198841095,0.6239680051803589,0.4098329246044159,0.751111626625061,0.4369625449180603,0.7826374173164368,0.5076671838760376,0.6688681840896606,0.7832013368606567,0.6780738234519958,0.40912118554115295,0.9675955176353455,0.2690964639186859,0.9925168752670288,0.0,0.0,0.0,0.0,0.0,0.0,0.0,0.0
184,0.3826349377632141,0.5116898417472839,0.40592196583747864,0.4925411641597748,0.3373792767524719,0.48279818892478943,0.0,0.0,0.20931093394756317,0.4886181056499481,0.3169149160385132,0.6210123896598816,0.14130136370658875,0.6239742636680603,0.4105209410190582,0.7590925693511963,0.41277503967285156,0.7905439734458923,0.5084964036941528,0.6688534021377563,0.7466259598731995,0.6744725704193115,0.4015863537788391,0.9615231156349182,0.25754600763320923,0.9870653748512268,0.0,0.0,0.0,0.0,0.0,0.0,0.0,0.0
185,0.38400956988334656,0.5107501149177551,0.4141061007976532,0.4940251410007477,0.338868111371994,0.47997036576271057,0.0,0.0,0.20864255726337433,0.4868237376213074,0.32409846782684326,0.6294044256210327,0.1236235722899437,0.628502607345581,0.402474582195282,0.767675518989563,0.3872491121292114,0.8071439862251282,0.5199251174926758,0.6702663898468018,0.7119508385658264,0.6659603118896484,0.43880099058151245,0.9668391942977905,0.28214332461357117,0.9916633367538452,0.0,0.0,0.0,0.0,0.0,0.0,0.0,0.0
186,0.3863060772418976,0.5120332837104797,0.4159056842327118,0.4953208863735199,0.3410332500934601,0.48135989904403687,0.0,0.0,0.21553641557693481,0.48800233006477356,0.3218245804309845,0.6317391991615295,0.13244065642356873,0.6273243427276611,0.4037102460861206,0.7790604829788208,0.3680858910083771,0.8158082962036133,0.5194536447525024,0.6674617528915405,0.6619392037391663,0.6615565419197083,0.4144836366176605,0.9661915302276611,0.2719901204109192,0.9888902902603149,0.0,0.0,0.0,0.0,0.0,0.0,0.0,0.0
187,0.3938283324241638,0.5117085576057434,0.4162313938140869,0.49159544706344604,0.34361350536346436,0.48099860548973083,0.0,0.0,0.21377457678318024,0.4885483980178833,0.334792822599411,0.6321489810943604,0.14400194585323334,0.6323837041854858,0.4135228395462036,0.7814512848854065,0.35057950019836426,0.8240112066268921,0.5083100199699402,0.6599686145782471,0.633178174495697,0.6557960510253906,0.4168793559074402,0.9689701795578003,0.27417153120040894,0.9922904968261719,0.0,0.0,0.0,0.0,0.0,0.0,0.0,0.0
