,0,1,2,3,4,5,6,7,8,9,10,11,12,13,14,15,16,17,18,19,20,21,22,23,24,25,26,27,28,29,30,31,32,33
0,0.5176954865455627,0.18419118225574493,0.5403439402580261,0.1516089290380478,0.5003514289855957,0.15338446199893951,0.5772897601127625,0.19180120527744293,0.48217636346817017,0.1960693895816803,0.6364463567733765,0.43573713302612305,0.43817663192749023,0.41963449120521545,0.660173237323761,0.73603355884552,0.4054878354072571,0.6821866631507874,0.6616560816764832,0.9519900679588318,0.3791240155696869,0.9093518853187561,0.5868694186210632,0.94964599609375,0.45242711901664734,0.9359585642814636,0.0,0.0,0.0,0.0,0.0,0.0,0.0,0.0
1,0.5177547335624695,0.1842276006937027,0.5404185056686401,0.15165026485919952,0.5003584027290344,0.15342561900615692,0.5773799419403076,0.1918201446533203,0.4821249544620514,0.1961384415626526,0.6365574598312378,0.4355124235153198,0.4380593001842499,0.4193909466266632,0.6601505279541016,0.7358823418617249,0.4053054749965668,0.6821812391281128,0.6616420745849609,0.9523079991340637,0.37910351157188416,0.90949547290802,0.5867534875869751,0.9490431547164917,0.4522840082645416,0.9353771209716797,0.0,0.0,0.0,0.0,0.0,0.0,0.0,0.0
2,0.5177586078643799,0.1840997338294983,0.5404183268547058,0.15148039162158966,0.5004026293754578,0.15332050621509552,0.5774117112159729,0.19158034026622772,0.4822075366973877,0.1959831416606903,0.6366965174674988,0.4355649948120117,0.43778347969055176,0.41952329874038696,0.6601043939590454,0.7356635332107544,0.4048430025577545,0.6819238662719727,0.6616430282592773,0.9518688321113586,0.3793271481990814,0.9096912145614624,0.5868993401527405,0.9495217800140381,0.4522462785243988,0.9360995888710022,0.0,0.0,0.0,0.0,0.0,0.0,0.0,0.0
3,0.5167437791824341,0.18379348516464233,0.5400514006614685,0.15204064548015594,0.5001802444458008,0.15418031811714172,0.5782942175865173,0.19139543175697327,0.48145681619644165,0.19573581218719482,0.6354100108146667,0.4336298406124115,0.43654394149780273,0.41887807846069336,0.6581133008003235,0.7340102791786194,0.40630054473876953,0.6769875288009644,0.6622943878173828,0.9470106363296509,0.380184531211853,0.9086114764213562,0.5857771039009094,0.9481257796287537,0.4515927731990814,0.935018002986908,0.0,0.0,0.0,0.0,0.0,0.0,0.0,0.0
4,0.5178574919700623,0.18434110283851624,0.5405870079994202,0.1515303999185562,0.5004308819770813,0.15338408946990967,0.5776944160461426,0.19157004356384277,0.4821138381958008,0.1959831267595291,0.636806070804596,0.4359973967075348,0.43766918778419495,0.41997072100639343,0.6601359248161316,0.7362075448036194,0.4044012725353241,0.6825767159461975,0.6618883013725281,0.9523831605911255,0.37930217385292053,0.9094354510307312,0.5868901014328003,0.949325680732727,0.4519946277141571,0.9358887076377869,0.0,0.0,0.0,0.0,0.0,0.0,0.0,0.0
5,0.517889142036438,0.18448610603809357,0.5406705737113953,0.15144452452659607,0.5004597902297974,0.15322791039943695,0.5779369473457336,0.1911456286907196,0.48212987184524536,0.1954277753829956,0.6369504332542419,0.4361608028411865,0.4377421438694,0.4202263653278351,0.6603054404258728,0.7365372180938721,0.40407314896583557,0.683742880821228,0.6621098518371582,0.9533003568649292,0.37831905484199524,0.9109529852867126,0.5866352319717407,0.9506658911705017,0.4516841471195221,0.937062680721283,0.0,0.0,0.0,0.0,0.0,0.0,0.0,0.0
6,0.517934262752533,0.18444758653640747,0.5406467914581299,0.15140484273433685,0.5006019473075867,0.15310001373291016,0.5778628587722778,0.19081942737102509,0.48234841227531433,0.19485700130462646,0.6369661688804626,0.43600502610206604,0.43797141313552856,0.419313907623291,0.6606578230857849,0.7360493540763855,0.40368232131004333,0.6818118095397949,0.6623768210411072,0.9521152973175049,0.3778669536113739,0.9101167917251587,0.5869007706642151,0.9513399600982666,0.4520591199398041,0.9373950362205505,0.0,0.0,0.0,0.0,0.0,0.0,0.0,0.0
7,0.5179750323295593,0.1843271255493164,0.5407148003578186,0.15135835111141205,0.5006386637687683,0.15305361151695251,0.5779991745948792,0.19075444340705872,0.4823262691497803,0.1947513222694397,0.637096107006073,0.43606650829315186,0.4379403591156006,0.419057160615921,0.6607405543327332,0.7364891767501831,0.40373602509498596,0.6813430786132812,0.6622244715690613,0.9532965421676636,0.3779877722263336,0.9105055332183838,0.5870053172111511,0.9521273970603943,0.4520186483860016,0.9380561113357544,0.0,0.0,0.0,0.0,0.0,0.0,0.0,0.0
8,0.5178985595703125,0.18403470516204834,0.5407590270042419,0.15121418237686157,0.5006291270256042,0.1527584344148636,0.5782198309898376,0.1910363882780075,0.48240676522254944,0.19465243816375732,0.6372582316398621,0.4363672137260437,0.43794092535972595,0.41895756125450134,0.6607331037521362,0.7368615865707397,0.4038046896457672,0.6810658574104309,0.6619874835014343,0.9533822536468506,0.37832388281822205,0.9104864597320557,0.586980402469635,0.9524672031402588,0.4519124925136566,0.9382643103599548,0.0,0.0,0.0,0.0,0.0,0.0,0.0,0.0
9,0.5179005861282349,0.18397994339466095,0.5407368540763855,0.15119929611682892,0.5007038116455078,0.1527768075466156,0.5783057808876038,0.19087791442871094,0.48258543014526367,0.19451622664928436,0.6373923420906067,0.4365006685256958,0.43810778856277466,0.419097363948822,0.6610297560691833,0.7374044060707092,0.4037325978279114,0.6816293597221375,0.6623129844665527,0.9537062048912048,0.3788120746612549,0.9108520150184631,0.587300717830658,0.9534691572189331,0.4523680806159973,0.9393783211708069,0.0,0.0,0.0,0.0,0.0,0.0,0.0,0.0
10,0.5178664326667786,0.18403366208076477,0.5406700372695923,0.151202991604805,0.5007031559944153,0.1527993381023407,0.5782762765884399,0.19069650769233704,0.48262110352516174,0.19434021413326263,0.637348473072052,0.43614259362220764,0.43798327445983887,0.4189455807209015,0.6617195010185242,0.735884964466095,0.40333008766174316,0.6804533004760742,0.6623095273971558,0.9545286893844604,0.3793516755104065,0.909790575504303,0.5872713923454285,0.9527699947357178,0.45223236083984375,0.9389536380767822,0.0,0.0,0.0,0.0,0.0,0.0,0.0,0.0
11,0.5175547003746033,0.18122117221355438,0.5404680371284485,0.14896120131015778,0.5000396370887756,0.15086813271045685,0.5781183242797852,0.190670907497406,0.4815579056739807,0.1951168179512024,0.6378883123397827,0.4361437261104584,0.4371257722377777,0.419626921415329,0.6647961735725403,0.7361419796943665,0.40245291590690613,0.6808665990829468,0.663118302822113,0.9540632963180542,0.3776085078716278,0.9126374125480652,0.5872732996940613,0.9545309543609619,0.4505783021450043,0.9404838681221008,0.0,0.0,0.0,0.0,0.0,0.0,0.0,0.0
12,0.5168773531913757,0.18005602061748505,0.5399327278137207,0.1475149244070053,0.499224990606308,0.14934349060058594,0.5779719352722168,0.1895064264535904,0.4808189570903778,0.19403144717216492,0.6381047368049622,0.43495652079582214,0.4369361400604248,0.42062750458717346,0.6679103970527649,0.7350156307220459,0.4022912085056305,0.6858675479888916,0.6647980809211731,0.9556704759597778,0.3768541216850281,0.9149277806282043,0.5866312384605408,0.9536592364311218,0.44963398575782776,0.9399417638778687,0.0,0.0,0.0,0.0,0.0,0.0,0.0,0.0
13,0.5166465640068054,0.17978453636169434,0.539830207824707,0.1475616991519928,0.4990926682949066,0.14927764236927032,0.5779163241386414,0.19009511172771454,0.480670690536499,0.19419679045677185,0.6381348967552185,0.4348732531070709,0.4363578259944916,0.4201676547527313,0.6680968999862671,0.7337764501571655,0.4018726944923401,0.6827160716056824,0.6646003127098083,0.9549859166145325,0.37763428688049316,0.9121654629707336,0.5876967310905457,0.9556530714035034,0.45019325613975525,0.9423016309738159,0.0,0.0,0.0,0.0,0.0,0.0,0.0,0.0
14,0.5154158473014832,0.17731845378875732,0.5390612483024597,0.1468481868505478,0.49842318892478943,0.14715564250946045,0.5775630474090576,0.19310946762561798,0.48082730174064636,0.19416867196559906,0.6385504007339478,0.4339127540588379,0.43558797240257263,0.419457346200943,0.671765923500061,0.7331430912017822,0.4007886052131653,0.6862084269523621,0.6639466285705566,0.9619975090026855,0.3785872459411621,0.911829948425293,0.5881924629211426,0.957470178604126,0.4493936002254486,0.9439069032669067,0.0,0.0,0.0,0.0,0.0,0.0,0.0,0.0
15,0.513821005821228,0.17864036560058594,0.5380002856254578,0.14801821112632751,0.4972083270549774,0.14812776446342468,0.5776862502098083,0.1943933516740799,0.4798494279384613,0.19438578188419342,0.6390687823295593,0.4330201745033264,0.43552079796791077,0.41670656204223633,0.6758155822753906,0.7270484566688538,0.40086236596107483,0.6728423237800598,0.658463180065155,0.9601696729660034,0.3833920955657959,0.9068344831466675,0.5891744494438171,0.9575182795524597,0.44982123374938965,0.9434108734130859,0.0,0.0,0.0,0.0,0.0,0.0,0.0,0.0
16,0.5124683380126953,0.17658555507659912,0.536937415599823,0.14655801653862,0.496464341878891,0.14694620668888092,0.5777208209037781,0.1953585147857666,0.4802660048007965,0.19502867758274078,0.6403961777687073,0.43412089347839355,0.43672916293144226,0.41336724162101746,0.6801573634147644,0.7256689667701721,0.399722158908844,0.6477912664413452,0.6529977917671204,0.95841383934021,0.38878804445266724,0.8187940120697021,0.5891752243041992,0.9470033645629883,0.4507718086242676,0.9311299920082092,0.0,0.0,0.0,0.0,0.0,0.0,0.0,0.0
17,0.5103409886360168,0.1747354418039322,0.5357325673103333,0.14637333154678345,0.4956166446208954,0.1455947607755661,0.5779550671577454,0.1952449381351471,0.479259729385376,0.19228199124336243,0.6386625170707703,0.4307107627391815,0.43473321199417114,0.414789617061615,0.6848836541175842,0.7197489738464355,0.3999292254447937,0.6634610891342163,0.6470267176628113,0.9282806515693665,0.4110797345638275,0.9064345955848694,0.5866915583610535,0.9438762664794922,0.4500834047794342,0.9304901957511902,0.0,0.0,0.0,0.0,0.0,0.0,0.0,0.0
18,0.5100809931755066,0.1746174395084381,0.5354968905448914,0.14637698233127594,0.49554163217544556,0.14545531570911407,0.5778544545173645,0.19551272690296173,0.47951647639274597,0.19224631786346436,0.6388819813728333,0.43067410588264465,0.434800386428833,0.4145697057247162,0.6851034760475159,0.7198516130447388,0.399945467710495,0.6632881164550781,0.6468802094459534,0.9282764196395874,0.41061481833457947,0.9071065187454224,0.5866397023200989,0.9437851309776306,0.4499593675136566,0.93026202917099,0.0,0.0,0.0,0.0,0.0,0.0,0.0,0.0
19,0.5083022713661194,0.17461101710796356,0.5341495871543884,0.1459115892648697,0.49408942461013794,0.14456430077552795,0.5784280300140381,0.19523552060127258,0.47891148924827576,0.19051477313041687,0.6377829313278198,0.429865300655365,0.43571725487709045,0.41261646151542664,0.691096305847168,0.69788658618927,0.396646112203598,0.6501482129096985,0.6574674248695374,0.8433072566986084,0.4245510995388031,0.8624112010002136,0.5854718089103699,0.9396148324012756,0.4516060948371887,0.92671799659729,0.0,0.0,0.0,0.0,0.0,0.0,0.0,0.0
20,0.5076649785041809,0.17348507046699524,0.5339440703392029,0.14474189281463623,0.4934632480144501,0.1433122456073761,0.5775471925735474,0.19634707272052765,0.478289932012558,0.19117476046085358,0.6384925246238708,0.43188217282295227,0.43520650267601013,0.4117394685745239,0.6922749280929565,0.7027682662010193,0.3928666114807129,0.6234766840934753,0.627977192401886,0.8730783462524414,0.4153725206851959,0.7319276332855225,0.5817239880561829,0.9403162002563477,0.44593802094459534,0.9230434894561768,0.0,0.0,0.0,0.0,0.0,0.0,0.0,0.0
21,0.5072841048240662,0.1719774752855301,0.5337467789649963,0.1447131186723709,0.4932496249675751,0.1425209492444992,0.5781506896018982,0.1991184949874878,0.47846388816833496,0.19194400310516357,0.6379379630088806,0.43048912286758423,0.43492984771728516,0.4090854823589325,0.6940300464630127,0.6873582005500793,0.38784679770469666,0.6198506951332092,0.6415114998817444,0.7420123815536499,0.41664257645606995,0.672439694404602,0.5862822532653809,0.9272630214691162,0.4502057135105133,0.9113298654556274,0.0,0.0,0.0,0.0,0.0,0.0,0.0,0.0
22,0.5068500638008118,0.17150196433067322,0.5341922640800476,0.14547356963157654,0.4938724935054779,0.14103321731090546,0.577997624874115,0.2012500762939453,0.47893571853637695,0.1885029822587967,0.636173665523529,0.43014055490493774,0.4326055943965912,0.40597566962242126,0.6927520036697388,0.7079998850822449,0.3826187252998352,0.637975811958313,0.6124653816223145,0.6918618679046631,0.4188731610774994,0.6476350426673889,0.5849069952964783,0.9299578666687012,0.4482533037662506,0.9125443696975708,0.0,0.0,0.0,0.0,0.0,0.0,0.0,0.0
23,0.5070571899414062,0.17152108252048492,0.534410297870636,0.14548085629940033,0.4936079680919647,0.14118501543998718,0.5777899622917175,0.20193259418010712,0.4780854284763336,0.18968994915485382,0.6358110904693604,0.4300233721733093,0.43238359689712524,0.40598711371421814,0.6930238604545593,0.7074857354164124,0.3825317323207855,0.6371963620185852,0.6137378811836243,0.6923683881759644,0.419410765171051,0.6474536657333374,0.5851446986198425,0.9298945665359497,0.44819602370262146,0.9125537276268005,0.0,0.0,0.0,0.0,0.0,0.0,0.0,0.0
24,0.507794976234436,0.1732727736234665,0.5344857573509216,0.1461142748594284,0.4943389892578125,0.14126919209957123,0.5770533084869385,0.20148859918117523,0.4795951843261719,0.1874895542860031,0.6366872191429138,0.43202659487724304,0.4320204257965088,0.4026903212070465,0.6926013231277466,0.7174316048622131,0.38452914357185364,0.6468455195426941,0.6480997800827026,0.6690826416015625,0.41159939765930176,0.6419280767440796,0.5910034775733948,0.9236643314361572,0.45316192507743835,0.9069459438323975,0.0,0.0,0.0,0.0,0.0,0.0,0.0,0.0
25,0.5078885555267334,0.17183096706867218,0.5351153612136841,0.14633211493492126,0.4942019581794739,0.14059282839298248,0.5774721503257751,0.20453429222106934,0.47884464263916016,0.18922379612922668,0.6336327791213989,0.4281727969646454,0.432359904050827,0.4059157371520996,0.6854817271232605,0.7209798097610474,0.38320398330688477,0.6713706254959106,0.6427897214889526,0.647659957408905,0.4231097400188446,0.6110831499099731,0.5934305191040039,0.9268311262130737,0.4574394226074219,0.9128777980804443,0.0,0.0,0.0,0.0,0.0,0.0,0.0,0.0
26,0.5082826018333435,0.17214147746562958,0.5354956388473511,0.14697258174419403,0.4946192800998688,0.14058810472488403,0.5771304965019226,0.2055126279592514,0.47904133796691895,0.1888658106327057,0.6327871680259705,0.428839772939682,0.43226176500320435,0.4054568111896515,0.6816639304161072,0.7254548668861389,0.3840356469154358,0.6747937798500061,0.6420839428901672,0.6529293656349182,0.42027828097343445,0.6139301657676697,0.5952162742614746,0.9236267805099487,0.45992040634155273,0.9097657799720764,0.0,0.0,0.0,0.0,0.0,0.0,0.0,0.0
27,0.5082190036773682,0.17235057055950165,0.5354771018028259,0.14719760417938232,0.4946337640285492,0.14045333862304688,0.5770565271377563,0.2048998773097992,0.47888824343681335,0.18758603930473328,0.6324682831764221,0.4287129342556,0.43169546127319336,0.40650123357772827,0.678908109664917,0.7222287058830261,0.38482293486595154,0.676453173160553,0.6351838707923889,0.6591683030128479,0.420693963766098,0.6229408979415894,0.5943495631217957,0.9276511073112488,0.4594169557094574,0.9137253165245056,0.0,0.0,0.0,0.0,0.0,0.0,0.0,0.0
28,0.5081795454025269,0.1724243015050888,0.5355979800224304,0.14709879457950592,0.49477481842041016,0.13988013565540314,0.5770795345306396,0.2046070396900177,0.47901517152786255,0.1860738843679428,0.6321629881858826,0.42915526032447815,0.4314947724342346,0.4063143730163574,0.6791120171546936,0.7223362326622009,0.3848155438899994,0.6763890981674194,0.6352614760398865,0.6591591238975525,0.4202623963356018,0.6242921948432922,0.5947268009185791,0.927614152431488,0.4601888656616211,0.9136059880256653,0.0,0.0,0.0,0.0,0.0,0.0,0.0,0.0
29,0.5080689787864685,0.17198175191879272,0.5352844595909119,0.1468481868505478,0.4946015477180481,0.14009882509708405,0.577094554901123,0.20404089987277985,0.47899580001831055,0.18660405278205872,0.6320746541023254,0.43134284019470215,0.4313426911830902,0.40651053190231323,0.6747117042541504,0.7157224416732788,0.3827587068080902,0.6649570465087891,0.6244662404060364,0.6673387289047241,0.42052555084228516,0.6386659741401672,0.5918075442314148,0.9286956191062927,0.45814189314842224,0.9136258959770203,0.0,0.0,0.0,0.0,0.0,0.0,0.0,0.0
30,0.508068323135376,0.17102093994617462,0.5352331399917603,0.1465892791748047,0.49481794238090515,0.13964097201824188,0.5768073201179504,0.20434077084064484,0.4792137145996094,0.1864473521709442,0.6324924826622009,0.4320816397666931,0.4299306571483612,0.4060257375240326,0.6725966334342957,0.7095038294792175,0.383667916059494,0.6543758511543274,0.6202805638313293,0.686331033706665,0.41837793588638306,0.6497477889060974,0.5896434187889099,0.9217963218688965,0.45504146814346313,0.9059240818023682,0.0,0.0,0.0,0.0,0.0,0.0,0.0,0.0
31,0.5072138905525208,0.17063941061496735,0.5343973636627197,0.1454285830259323,0.49451199173927307,0.13915501534938812,0.5773605704307556,0.2024366557598114,0.4799364507198334,0.18557631969451904,0.6330974102020264,0.43241146206855774,0.4302242696285248,0.4083051383495331,0.6719762682914734,0.7130313515663147,0.38355574011802673,0.6617287397384644,0.616168200969696,0.6906100511550903,0.4273351728916168,0.6563289165496826,0.5894193053245544,0.92538982629776,0.4545309245586395,0.9107992649078369,0.0,0.0,0.0,0.0,0.0,0.0,0.0,0.0
32,0.5069431066513062,0.1692218780517578,0.5337522029876709,0.14399677515029907,0.4944787621498108,0.1390438973903656,0.5775638222694397,0.20111404359340668,0.4808967113494873,0.18701516091823578,0.6333739161491394,0.43141111731529236,0.43103155493736267,0.4089818000793457,0.6695117950439453,0.7101815342903137,0.38353338837623596,0.659311830997467,0.6235077977180481,0.6927754282951355,0.4261183440685272,0.6579909324645996,0.5895702838897705,0.9247118234634399,0.4548368453979492,0.9119219183921814,0.0,0.0,0.0,0.0,0.0,0.0,0.0,0.0
33,0.5070487260818481,0.16874393820762634,0.5338365435600281,0.1435747593641281,0.49442338943481445,0.1386040896177292,0.5774803161621094,0.20092041790485382,0.480593204498291,0.18687397241592407,0.6333894729614258,0.43160828948020935,0.4307645261287689,0.40907832980155945,0.6695065498352051,0.7097506523132324,0.3834090828895569,0.6591911911964417,0.6236335039138794,0.6926088929176331,0.4258498251438141,0.6578879952430725,0.5891663432121277,0.9251890182495117,0.4539669454097748,0.9119936227798462,0.0,0.0,0.0,0.0,0.0,0.0,0.0,0.0
34,0.5068560838699341,0.16620784997940063,0.5331872701644897,0.1412789672613144,0.4941462576389313,0.1365176886320114,0.5766579508781433,0.19812779128551483,0.48074039816856384,0.1848403662443161,0.6326956748962402,0.43019863963127136,0.4313032627105713,0.40875932574272156,0.6680052280426025,0.7032309770584106,0.38335511088371277,0.6576733589172363,0.6318430304527283,0.6952483057975769,0.42416033148765564,0.6553680896759033,0.588922917842865,0.9219404458999634,0.4560953676700592,0.9095947742462158,0.0,0.0,0.0,0.0,0.0,0.0,0.0,0.0
35,0.5064319372177124,0.16301263868808746,0.5324338674545288,0.13858090341091156,0.49334096908569336,0.13556919991970062,0.5761889815330505,0.19663919508457184,0.4799656569957733,0.1869957447052002,0.6326883435249329,0.4301659166812897,0.4308834969997406,0.405781626701355,0.6652079820632935,0.7132256031036377,0.38196298480033875,0.653095006942749,0.6320613622665405,0.6882994174957275,0.423171728849411,0.6461074948310852,0.5881780385971069,0.9225022792816162,0.45378074049949646,0.9097104668617249,0.0,0.0,0.0,0.0,0.0,0.0,0.0,0.0
36,0.5062950253486633,0.16097253561019897,0.5323676466941833,0.13683149218559265,0.4931480586528778,0.13408619165420532,0.5765500664710999,0.19617947936058044,0.4802473187446594,0.18679258227348328,0.6317058205604553,0.42854782938957214,0.43234139680862427,0.40554067492485046,0.6644951105117798,0.7117140293121338,0.3801025450229645,0.6535923480987549,0.6406049132347107,0.6957048177719116,0.4275997579097748,0.6328725814819336,0.592860996723175,0.9267081022262573,0.46064111590385437,0.9163429737091064,0.0,0.0,0.0,0.0,0.0,0.0,0.0,0.0
37,0.5066872835159302,0.1600242555141449,0.5325297117233276,0.13603359460830688,0.49352097511291504,0.13383574783802032,0.5765971541404724,0.19608056545257568,0.48085451126098633,0.18804198503494263,0.6332743167877197,0.42997270822525024,0.4325152337551117,0.4052504003047943,0.6659364700317383,0.7203455567359924,0.37837791442871094,0.6539838910102844,0.6436297297477722,0.6936389207839966,0.41882601380348206,0.6268460154533386,0.5939688682556152,0.9274977445602417,0.46038323640823364,0.9162896275520325,0.0,0.0,0.0,0.0,0.0,0.0,0.0,0.0
38,0.5073609352111816,0.16008570790290833,0.5333466529846191,0.1362891048192978,0.4938625395298004,0.13355396687984467,0.5767809748649597,0.1966339647769928,0.48039698600769043,0.18749438226222992,0.6332071423530579,0.43056604266166687,0.43175631761550903,0.40476757287979126,0.6661054491996765,0.7208111882209778,0.3784693777561188,0.6543456315994263,0.644037663936615,0.6942621469497681,0.4188535809516907,0.6271118521690369,0.5940530300140381,0.9291738867759705,0.45996609330177307,0.9171884059906006,0.0,0.0,0.0,0.0,0.0,0.0,0.0,0.0
39,0.5081257224082947,0.16009974479675293,0.5340975522994995,0.13641108572483063,0.494281530380249,0.13330243527889252,0.5775485038757324,0.19709010422229767,0.4807779788970947,0.18717193603515625,0.6326858401298523,0.43275997042655945,0.43141084909439087,0.4043140113353729,0.6644718050956726,0.7276714444160461,0.3721132278442383,0.661639928817749,0.6482992172241211,0.6913694143295288,0.41993051767349243,0.6167896389961243,0.5920308232307434,0.931733250617981,0.45849019289016724,0.9185585379600525,0.0,0.0,0.0,0.0,0.0,0.0,0.0,0.0
40,0.508906900882721,0.16019636392593384,0.5347198843955994,0.13622930645942688,0.4948582649230957,0.13405704498291016,0.5785456895828247,0.1961260735988617,0.48143091797828674,0.1882561892271042,0.6327660083770752,0.43273264169692993,0.43262967467308044,0.40311554074287415,0.6622447967529297,0.7247602939605713,0.3712780475616455,0.6517989039421082,0.6525327563285828,0.6933894753456116,0.41265997290611267,0.6144015789031982,0.5909852385520935,0.9332029819488525,0.4581082761287689,0.9199519753456116,0.0,0.0,0.0,0.0,0.0,0.0,0.0,0.0
41,0.5095337629318237,0.16145814955234528,0.5353679060935974,0.1366853266954422,0.49570852518081665,0.13404199481010437,0.578845202922821,0.19569650292396545,0.48217591643333435,0.18678198754787445,0.6334813237190247,0.43396908044815063,0.43113407492637634,0.40271544456481934,0.6601301431655884,0.7285087704658508,0.37098726630210876,0.6535378098487854,0.6547138690948486,0.698994517326355,0.41002193093299866,0.6158704161643982,0.5886824727058411,0.9344953894615173,0.45347246527671814,0.9199744462966919,0.0,0.0,0.0,0.0,0.0,0.0,0.0,0.0
42,0.5100204348564148,0.16230429708957672,0.5356916785240173,0.1363164633512497,0.4957885444164276,0.13411754369735718,0.5798657536506653,0.19418399035930634,0.48229217529296875,0.1863303780555725,0.6331677436828613,0.4357510507106781,0.4310928285121918,0.404304563999176,0.6503239870071411,0.725367546081543,0.37093114852905273,0.6551345586776733,0.6595680117607117,0.6975476741790771,0.4101429879665375,0.6165354251861572,0.5880644917488098,0.9378311634063721,0.45193013548851013,0.9235654473304749,0.0,0.0,0.0,0.0,0.0,0.0,0.0,0.0
43,0.5106178522109985,0.16216564178466797,0.5362539291381836,0.13643048703670502,0.49604329466819763,0.13409283757209778,0.5798625946044922,0.19496408104896545,0.48210224509239197,0.18700525164604187,0.6330296397209167,0.43610528111457825,0.4307718873023987,0.4047659933567047,0.6493949890136719,0.7254197001457214,0.3708576261997223,0.65671706199646,0.6598603129386902,0.6978963613510132,0.4099423587322235,0.617065966129303,0.5885266661643982,0.937939465045929,0.45220014452934265,0.9237599968910217,0.0,0.0,0.0,0.0,0.0,0.0,0.0,0.0
44,0.510772705078125,0.16323719918727875,0.5367288589477539,0.13833045959472656,0.4968300759792328,0.13499169051647186,0.581142246723175,0.19615550339221954,0.4835922420024872,0.18595078587532043,0.6335006952285767,0.43669039011001587,0.4314931035041809,0.40526747703552246,0.6425434350967407,0.7148131728172302,0.3757443130016327,0.6500322818756104,0.6596598029136658,0.712996780872345,0.40251150727272034,0.6419616341590881,0.5884613990783691,0.938546895980835,0.4523638188838959,0.9237452149391174,0.0,0.0,0.0,0.0,0.0,0.0,0.0,0.0
45,0.5111545920372009,0.16541945934295654,0.536830484867096,0.13967356085777283,0.49735599756240845,0.1376238316297531,0.5819223523139954,0.19520287215709686,0.48431262373924255,0.18719768524169922,0.6332430839538574,0.4377821981906891,0.4325689971446991,0.4026118516921997,0.6429692506790161,0.7068681716918945,0.3750080168247223,0.6306314468383789,0.6643093228340149,0.7177234292030334,0.41088682413101196,0.6515892148017883,0.5844824910163879,0.9367688298225403,0.4504454731941223,0.9213629961013794,0.0,0.0,0.0,0.0,0.0,0.0,0.0,0.0
46,0.5110737681388855,0.17073439061641693,0.5366377234458923,0.14274862408638,0.49667420983314514,0.14159195125102997,0.5818891525268555,0.19422689080238342,0.4828557074069977,0.188575878739357,0.6326994299888611,0.43606331944465637,0.4346124827861786,0.4012621343135834,0.6475850939750671,0.7019321918487549,0.3782099187374115,0.6177562475204468,0.6678106188774109,0.7449143528938293,0.4067172110080719,0.6473757028579712,0.5813509821891785,0.9367344379425049,0.4484616816043854,0.9202558994293213,0.0,0.0,0.0,0.0,0.0,0.0,0.0,0.0
47,0.5118609666824341,0.17203058302402496,0.5363391041755676,0.14275948703289032,0.49670180678367615,0.1421908587217331,0.5811154842376709,0.19334428012371063,0.48421284556388855,0.18967850506305695,0.6356996297836304,0.4350574314594269,0.4342409670352936,0.40627139806747437,0.6485781669616699,0.6910995841026306,0.3714735209941864,0.6290721893310547,0.6642941832542419,0.7378387451171875,0.4220553934574127,0.6489127278327942,0.5872952342033386,0.9343227744102478,0.4530965983867645,0.9229146838188171,0.0,0.0,0.0,0.0,0.0,0.0,0.0,0.0
48,0.5120371580123901,0.17241302132606506,0.5364660024642944,0.14282168447971344,0.49662432074546814,0.14227332174777985,0.5809413194656372,0.19282816350460052,0.48376700282096863,0.18937189877033234,0.6358503699302673,0.4356238543987274,0.43415403366088867,0.40701666474342346,0.6489675045013428,0.6914382576942444,0.3720725476741791,0.6298041939735413,0.6643728613853455,0.7375861406326294,0.4206629693508148,0.6491605043411255,0.5875958800315857,0.9351664185523987,0.45349979400634766,0.9235754013061523,0.0,0.0,0.0,0.0,0.0,0.0,0.0,0.0
49,0.5100587010383606,0.17217008769512177,0.5338683128356934,0.14259031414985657,0.4947616159915924,0.14403501152992249,0.580262303352356,0.19227378070354462,0.4838283956050873,0.19343708455562592,0.637040913105011,0.4355379641056061,0.4358830153942108,0.405379980802536,0.6439926028251648,0.6964358687400818,0.371762752532959,0.6277952194213867,0.6604728102684021,0.7289918065071106,0.4215388298034668,0.6506820321083069,0.5854071974754333,0.9334012866020203,0.45116496086120605,0.9204819798469543,0.0,0.0,0.0,0.0,0.0,0.0,0.0,0.0
50,0.5097176432609558,0.17354631423950195,0.5330762267112732,0.14330947399139404,0.4943326413631439,0.14609262347221375,0.5800476670265198,0.1913270503282547,0.0,0.0,0.6371845602989197,0.43623626232147217,0.43794184923171997,0.405896931886673,0.6433972716331482,0.6965827941894531,0.37210965156555176,0.6226776242256165,0.6594194769859314,0.73122239112854,0.42041999101638794,0.6515868306159973,0.5845250487327576,0.93369460105896,0.45177125930786133,0.9203736186027527,0.0,0.0,0.0,0.0,0.0,0.0,0.0,0.0
51,0.5107695460319519,0.17434638738632202,0.534322202205658,0.14398665726184845,0.49489256739616394,0.14615722000598907,0.5804864168167114,0.19219668209552765,0.4835716187953949,0.1952967494726181,0.6373769640922546,0.43427181243896484,0.43699946999549866,0.406496524810791,0.6440858244895935,0.6893987655639648,0.3716343939304352,0.6231676936149597,0.6573628783226013,0.7344071865081787,0.42055782675743103,0.6504001617431641,0.5872364044189453,0.9321083426475525,0.4534207880496979,0.9201547503471375,0.0,0.0,0.0,0.0,0.0,0.0,0.0,0.0
52,0.5118722915649414,0.17714238166809082,0.5353624224662781,0.14476054906845093,0.49540406465530396,0.14716434478759766,0.5808472633361816,0.18906834721565247,0.4827407896518707,0.19297824800014496,0.6371315121650696,0.43050849437713623,0.43653199076652527,0.40721437335014343,0.6480425596237183,0.6794858574867249,0.37200209498405457,0.6234350800514221,0.6557217836380005,0.738732635974884,0.42262551188468933,0.6525182723999023,0.5863497257232666,0.9316076636314392,0.45255541801452637,0.9209676384925842,0.0,0.0,0.0,0.0,0.0,0.0,0.0,0.0
53,0.512035608291626,0.17704908549785614,0.5353373885154724,0.14485691487789154,0.4956076741218567,0.14741699397563934,0.5806254744529724,0.18922366201877594,0.48306727409362793,0.19352221488952637,0.6373595595359802,0.43072938919067383,0.4364779591560364,0.40733084082603455,0.6475859880447388,0.6799379587173462,0.37204405665397644,0.6232577562332153,0.6556745767593384,0.7383941411972046,0.4221242368221283,0.6518377065658569,0.5864705443382263,0.9315395355224609,0.4524514675140381,0.9208807349205017,0.0,0.0,0.0,0.0,0.0,0.0,0.0,0.0
54,0.5117453932762146,0.17977026104927063,0.5351981520652771,0.14645178616046906,0.4950953423976898,0.14956490695476532,0.5809301733970642,0.18925468623638153,0.482138067483902,0.19454726576805115,0.6378753781318665,0.4313380718231201,0.4362269937992096,0.4079156517982483,0.6482140421867371,0.6844713091850281,0.37201014161109924,0.6248449087142944,0.6569898724555969,0.7381532788276672,0.4223252236843109,0.6531721949577332,0.5885853171348572,0.9331666827201843,0.4538801610469818,0.9229106307029724,0.0,0.0,0.0,0.0,0.0,0.0,0.0,0.0
55,0.5122891664505005,0.18208210170269012,0.5356799960136414,0.14869408309459686,0.4958885610103607,0.15135018527507782,0.5809193253517151,0.19047418236732483,0.4827834665775299,0.1946469247341156,0.6380969882011414,0.4317954182624817,0.43603235483169556,0.40748506784439087,0.6500615477561951,0.6858605146408081,0.3728954792022705,0.6242871880531311,0.6593562364578247,0.747420608997345,0.42251691222190857,0.6591278314590454,0.5896134376525879,0.9339911341667175,0.45452719926834106,0.9238098859786987,0.0,0.0,0.0,0.0,0.0,0.0,0.0,0.0
56,0.512104868888855,0.18433304131031036,0.5351817011833191,0.15074008703231812,0.49506860971450806,0.15486185252666473,0.5808562636375427,0.1922459900379181,0.481907457113266,0.1999034732580185,0.6386715173721313,0.4322025179862976,0.43637749552726746,0.40949004888534546,0.6500874161720276,0.6883039474487305,0.37249264121055603,0.6273921728134155,0.663205623626709,0.745555579662323,0.423697292804718,0.6582476496696472,0.5905974507331848,0.9324015378952026,0.4553515911102295,0.9232348799705505,0.0,0.0,0.0,0.0,0.0,0.0,0.0,0.0
57,0.5124737024307251,0.18680088222026825,0.5349640846252441,0.15194278955459595,0.49543696641921997,0.15714502334594727,0.580650806427002,0.19004090130329132,0.4824337959289551,0.20002500712871552,0.6391612887382507,0.43259838223457336,0.43691810965538025,0.40996578335762024,0.6501374244689941,0.6912598013877869,0.37239518761634827,0.6287050843238831,0.6663487553596497,0.7446073293685913,0.4230923354625702,0.6582236289978027,0.590183675289154,0.9353232979774475,0.4550319314002991,0.9259893298149109,0.0,0.0,0.0,0.0,0.0,0.0,0.0,0.0
58,0.5123412013053894,0.1874237358570099,0.5348135828971863,0.15259535610675812,0.49527907371520996,0.15790137648582458,0.5805632472038269,0.190463587641716,0.4822806417942047,0.20071011781692505,0.6390722990036011,0.4324427843093872,0.4367859363555908,0.41009214520454407,0.6502149701118469,0.691502034664154,0.3723958730697632,0.6294587850570679,0.6667022109031677,0.7437199354171753,0.4224851131439209,0.6583881378173828,0.5897400975227356,0.9343174695968628,0.45468854904174805,0.9251006841659546,0.0,0.0,0.0,0.0,0.0,0.0,0.0,0.0
59,0.512190043926239,0.18889498710632324,0.5346347689628601,0.15365222096443176,0.49520301818847656,0.15894454717636108,0.5805959105491638,0.18975919485092163,0.4822885990142822,0.19998301565647125,0.6390883326530457,0.4317912757396698,0.4368573725223541,0.4096040427684784,0.6495604515075684,0.6924586296081543,0.3728679120540619,0.6310775876045227,0.6673086285591125,0.7420721650123596,0.4221523404121399,0.6575478315353394,0.5902930498123169,0.9346150159835815,0.45564770698547363,0.9256994128227234,0.0,0.0,0.0,0.0,0.0,0.0,0.0,0.0
60,0.5121095180511475,0.1882430464029312,0.5346617698669434,0.15294994413852692,0.4954608082771301,0.15868046879768372,0.580880343914032,0.18769100308418274,0.4818688929080963,0.1987132877111435,0.6369820833206177,0.43050071597099304,0.4370589852333069,0.4082048833370209,0.6464318633079529,0.6892219185829163,0.37341800332069397,0.6276218891143799,0.6597306132316589,0.7348278760910034,0.42324528098106384,0.6631708741188049,0.5880991220474243,0.9344831705093384,0.45606836676597595,0.9241414666175842,0.0,0.0,0.0,0.0,0.0,0.0,0.0,0.0
61,0.5121073126792908,0.1884596049785614,0.5346457958221436,0.1530183106660843,0.4951789081096649,0.15878881514072418,0.580663800239563,0.18766692280769348,0.48129114508628845,0.1988995224237442,0.6367864012718201,0.4307839572429657,0.43695616722106934,0.40800657868385315,0.6458560228347778,0.6896372437477112,0.3738839626312256,0.6275889873504639,0.6595163345336914,0.7341560125350952,0.4233458638191223,0.6632226705551147,0.5877000093460083,0.9339678287506104,0.45573049783706665,0.9230763912200928,0.0,0.0,0.0,0.0,0.0,0.0,0.0,0.0
62,0.5121139883995056,0.18864184617996216,0.5347064733505249,0.15320667624473572,0.49519082903862,0.15875867009162903,0.5806123614311218,0.1878322958946228,0.4812467694282532,0.19860520958900452,0.6368101239204407,0.4312300682067871,0.43675610423088074,0.4078752398490906,0.6456289887428284,0.6904220581054688,0.3743300437927246,0.6275247931480408,0.6596662402153015,0.73481684923172,0.4230327606201172,0.6635442972183228,0.5874767303466797,0.9339361786842346,0.4555296003818512,0.9227519035339355,0.0,0.0,0.0,0.0,0.0,0.0,0.0,0.0
63,0.5118253827095032,0.18871143460273743,0.5343869924545288,0.15331615507602692,0.49486398696899414,0.15909722447395325,0.5805342197418213,0.1880500614643097,0.4810112416744232,0.19934023916721344,0.6367537379264832,0.4317643642425537,0.43679219484329224,0.4078081548213959,0.6449416279792786,0.6925480365753174,0.3741683065891266,0.6276596188545227,0.6592966914176941,0.7338846325874329,0.4223078191280365,0.6619747281074524,0.58687424659729,0.934353232383728,0.4546676576137543,0.9226928353309631,0.0,0.0,0.0,0.0,0.0,0.0,0.0,0.0
64,0.511579692363739,0.18901978433132172,0.534269392490387,0.15347491204738617,0.4945955276489258,0.15913602709770203,0.5806317329406738,0.18785758316516876,0.48060598969459534,0.19887866079807281,0.636748731136322,0.43231192231178284,0.43633443117141724,0.4079207479953766,0.644254744052887,0.6925618052482605,0.3746560215950012,0.6271219253540039,0.6595599055290222,0.7331082820892334,0.42067715525627136,0.6614675521850586,0.5859977602958679,0.9354628920555115,0.45335957407951355,0.923228919506073,0.0,0.0,0.0,0.0,0.0,0.0,0.0,0.0
65,0.511417806148529,0.18930885195732117,0.5341531038284302,0.15372295677661896,0.4943462908267975,0.15917542576789856,0.5804798007011414,0.18810679018497467,0.4802423119544983,0.19879081845283508,0.636814534664154,0.4327412545681,0.43598198890686035,0.40785056352615356,0.6442666053771973,0.6930819153785706,0.3748386800289154,0.6273710131645203,0.6597986221313477,0.7351758480072021,0.4205346703529358,0.6615117788314819,0.5854072570800781,0.9352229833602905,0.4524856507778168,0.9224463105201721,0.0,0.0,0.0,0.0,0.0,0.0,0.0,0.0
66,0.511132001876831,0.18939208984375,0.5341460108757019,0.15386849641799927,0.494023859500885,0.1586112529039383,0.580350935459137,0.1885732114315033,0.4796120822429657,0.19777123630046844,0.6367031335830688,0.4330456852912903,0.43525877594947815,0.40767902135849,0.6447867751121521,0.6932135224342346,0.3749724328517914,0.6279581785202026,0.6589013934135437,0.7380177974700928,0.42023977637290955,0.6613959074020386,0.5850061774253845,0.936029851436615,0.4517531096935272,0.9226645231246948,0.0,0.0,0.0,0.0,0.0,0.0,0.0,0.0
67,0.5107781887054443,0.18891459703445435,0.5339138507843018,0.1536603420972824,0.4939694106578827,0.15794426202774048,0.580186128616333,0.188910111784935,0.47976261377334595,0.1970033198595047,0.636620044708252,0.43284744024276733,0.4351801574230194,0.40709248185157776,0.6451128721237183,0.6930708885192871,0.37488487362861633,0.6274576187133789,0.6576593518257141,0.7360391616821289,0.4202560484409332,0.6615182161331177,0.585472822189331,0.9356517195701599,0.45210811495780945,0.922282338142395,0.0,0.0,0.0,0.0,0.0,0.0,0.0,0.0
68,0.5107759833335876,0.18895626068115234,0.5339654684066772,0.1534530222415924,0.49388742446899414,0.15765969455242157,0.5801840424537659,0.18848758935928345,0.47956180572509766,0.19640056788921356,0.6365499496459961,0.43288788199424744,0.4351191222667694,0.4066299796104431,0.6449612975120544,0.6930514574050903,0.37476053833961487,0.6267029047012329,0.6576560735702515,0.7361015677452087,0.42047545313835144,0.6625613570213318,0.585493803024292,0.9357494711875916,0.45224761962890625,0.9221725463867188,0.0,0.0,0.0,0.0,0.0,0.0,0.0,0.0
69,0.5107700228691101,0.18793927133083344,0.5340762138366699,0.15282946825027466,0.4939003586769104,0.15675082802772522,0.5801538228988647,0.18916192650794983,0.4794952869415283,0.19640155136585236,0.63614821434021,0.4328903257846832,0.4350913465023041,0.40659838914871216,0.6441991925239563,0.6920074224472046,0.37466979026794434,0.6256603598594666,0.6570814251899719,0.7383371591567993,0.4204316735267639,0.6630513072013855,0.5862297415733337,0.9348249435424805,0.4527396857738495,0.9214502573013306,0.0,0.0,0.0,0.0,0.0,0.0,0.0,0.0
70,0.5105306506156921,0.1869974136352539,0.5337437987327576,0.15230759978294373,0.4936811923980713,0.15660646557807922,0.5800334811210632,0.18952511250972748,0.4795587956905365,0.19761210680007935,0.6360318064689636,0.43293580412864685,0.4353125989437103,0.40660062432289124,0.6430197954177856,0.692974328994751,0.3742331564426422,0.6255086064338684,0.6554924249649048,0.7364052534103394,0.42023569345474243,0.6635968089103699,0.585979163646698,0.9344696402549744,0.4525366425514221,0.9211427569389343,0.0,0.0,0.0,0.0,0.0,0.0,0.0,0.0
71,0.5102730393409729,0.18627162277698517,0.5336684584617615,0.1522974967956543,0.49386367201805115,0.1556074321269989,0.5797047019004822,0.19061215221881866,0.4799349904060364,0.19642795622348785,0.6357194781303406,0.43424203991889954,0.43498608469963074,0.4062983989715576,0.6420308351516724,0.6935384273529053,0.3753568232059479,0.6248834133148193,0.6542108058929443,0.7330594658851624,0.4199799597263336,0.6649958491325378,0.5854857563972473,0.9339191913604736,0.45228925347328186,0.9198485612869263,0.0,0.0,0.0,0.0,0.0,0.0,0.0,0.0
72,0.5096475481987,0.18539682030677795,0.533014714717865,0.15178357064723969,0.4937012791633606,0.15510551631450653,0.5793045163154602,0.19114063680171967,0.48044124245643616,0.1969347596168518,0.6356925368309021,0.434009313583374,0.4350963532924652,0.4070669710636139,0.6411541104316711,0.6918994188308716,0.37625202536582947,0.6243600249290466,0.650495171546936,0.7341635227203369,0.41993436217308044,0.6677201986312866,0.5845819115638733,0.9359142780303955,0.4506596028804779,0.9218708872795105,0.0,0.0,0.0,0.0,0.0,0.0,0.0,0.0
73,0.5093696713447571,0.18501408398151398,0.5331512689590454,0.15156190097332,0.49345436692237854,0.15431852638721466,0.5798696875572205,0.19115743041038513,0.4799562096595764,0.19560039043426514,0.6356313824653625,0.43340715765953064,0.4348304867744446,0.4067104160785675,0.6413769721984863,0.690959632396698,0.37669530510902405,0.6247572302818298,0.650732159614563,0.7337510585784912,0.41937723755836487,0.6655322313308716,0.5856679677963257,0.9369540214538574,0.4515864849090576,0.9232298731803894,0.0,0.0,0.0,0.0,0.0,0.0,0.0,0.0
74,0.5086217522621155,0.18301108479499817,0.5336045622825623,0.1514563411474228,0.4935130774974823,0.15136979520320892,0.5805733799934387,0.1943359375,0.47968894243240356,0.19197086989879608,0.6342427134513855,0.43321704864501953,0.4336620271205902,0.40644752979278564,0.6465393900871277,0.6806362271308899,0.37639710307121277,0.6248283386230469,0.6530448794364929,0.7038548588752747,0.4204109311103821,0.662269115447998,0.5854953527450562,0.9320796728134155,0.4525160789489746,0.9184993505477905,0.0,0.0,0.0,0.0,0.0,0.0,0.0,0.0
75,0.5074284672737122,0.18027536571025848,0.5335923433303833,0.150360107421875,0.49358272552490234,0.14816823601722717,0.5798496603965759,0.19655127823352814,0.4791698455810547,0.18846426904201508,0.6356831789016724,0.4355887174606323,0.4323213994503021,0.4054144620895386,0.6695868968963623,0.695835530757904,0.37609994411468506,0.6259500980377197,0.6540786623954773,0.6913039088249207,0.4132652282714844,0.6556129455566406,0.587192714214325,0.9320154786109924,0.45384129881858826,0.9163050651550293,0.0,0.0,0.0,0.0,0.0,0.0,0.0,0.0
76,0.5070355534553528,0.17774035036563873,0.5345800518989563,0.14966024458408356,0.49439916014671326,0.14444878697395325,0.5803476572036743,0.2002974897623062,0.48027926683425903,0.18465900421142578,0.6338251233100891,0.4351634979248047,0.43142542243003845,0.4032049775123596,0.6752703189849854,0.7121943831443787,0.37523362040519714,0.6397156119346619,0.6477279663085938,0.7036402225494385,0.41691771149635315,0.6456708908081055,0.5874687433242798,0.9367143511772156,0.4541449546813965,0.9205917716026306,0.0,0.0,0.0,0.0,0.0,0.0,0.0,0.0
77,0.5072299838066101,0.1785670667886734,0.5353661179542542,0.15084010362625122,0.4956909716129303,0.14325390756130219,0.5802776217460632,0.20095443725585938,0.4813579022884369,0.17977316677570343,0.6324224472045898,0.4328405261039734,0.42963773012161255,0.39980801939964294,0.6797300577163696,0.7119167447090149,0.37315863370895386,0.6423937678337097,0.6410230398178101,0.6795283555984497,0.4083280563354492,0.6394264698028564,0.585540771484375,0.9313482642173767,0.45216208696365356,0.9146062731742859,0.0,0.0,0.0,0.0,0.0,0.0,0.0,0.0
78,0.5070975422859192,0.17772479355335236,0.535370409488678,0.15074780583381653,0.496002197265625,0.14266707003116608,0.5802649855613708,0.20234699547290802,0.48209619522094727,0.17984208464622498,0.6324712038040161,0.43337100744247437,0.4292316436767578,0.399402379989624,0.67987459897995,0.7116814851760864,0.3726617991924286,0.6408839821815491,0.6409665942192078,0.6791021823883057,0.4073806405067444,0.6405900120735168,0.5860685110092163,0.9306485652923584,0.4522155225276947,0.9137717485427856,0.0,0.0,0.0,0.0,0.0,0.0,0.0,0.0
79,0.5058012008666992,0.177711620926857,0.5350853800773621,0.15189975500106812,0.49591168761253357,0.14202934503555298,0.5812909007072449,0.2062423974275589,0.4832019805908203,0.17915485799312592,0.6315852403640747,0.43325212597846985,0.4294227659702301,0.3996654152870178,0.679445207118988,0.7189815640449524,0.37528741359710693,0.6553537845611572,0.6393651366233826,0.6592985987663269,0.41063353419303894,0.6363947987556458,0.587835967540741,0.9353009462356567,0.45294293761253357,0.9187910556793213,0.0,0.0,0.0,0.0,0.0,0.0,0.0,0.0
80,0.5039534568786621,0.1791924685239792,0.5337752103805542,0.15379084646701813,0.49525436758995056,0.14276455342769623,0.581327497959137,0.2093244194984436,0.0,0.0,0.6315521597862244,0.4344167411327362,0.4288889467716217,0.4012143909931183,0.6803296208381653,0.7216518521308899,0.3755405843257904,0.6629872918128967,0.644184947013855,0.6572901010513306,0.4122105538845062,0.6364009976387024,0.5899196863174438,0.93520587682724,0.45423242449760437,0.9196178913116455,0.0,0.0,0.0,0.0,0.0,0.0,0.0,0.0
81,0.5025750994682312,0.18099430203437805,0.5325508713722229,0.15566803514957428,0.49400249123573303,0.14344298839569092,0.5802617073059082,0.2110663801431656,0.0,0.0,0.6296224594116211,0.4342315196990967,0.42767295241355896,0.40302127599716187,0.6776572465896606,0.7264543771743774,0.375834584236145,0.680831253528595,0.6487530469894409,0.6638075113296509,0.4125870168209076,0.6330327391624451,0.5892597436904907,0.9361719489097595,0.4533364772796631,0.9206917881965637,0.0,0.0,0.0,0.0,0.0,0.0,0.0,0.0
82,0.501288115978241,0.18289344012737274,0.5307120680809021,0.15719196200370789,0.49191245436668396,0.14689528942108154,0.5783466696739197,0.21144260466098785,0.0,0.0,0.627022385597229,0.43328842520713806,0.42816415429115295,0.40592867136001587,0.6747021675109863,0.7273270487785339,0.379751056432724,0.6855472326278687,0.6529417037963867,0.655437171459198,0.4102477729320526,0.6422063708305359,0.587081789970398,0.9310932159423828,0.45277196168899536,0.9179875254631042,0.0,0.0,0.0,0.0,0.0,0.0,0.0,0.0
83,0.5012733340263367,0.18293651938438416,0.5307402014732361,0.1570851057767868,0.49182048439979553,0.14689329266548157,0.5784034132957458,0.21147234737873077,0.0,0.0,0.6269716620445251,0.4331044852733612,0.4281461238861084,0.40637269616127014,0.6747287511825562,0.7273647785186768,0.37944287061691284,0.6864157319068909,0.6528472304344177,0.6552717089653015,0.4112272262573242,0.6393987536430359,0.5876618027687073,0.9309982657432556,0.4532383382320404,0.9183120131492615,0.0,0.0,0.0,0.0,0.0,0.0,0.0,0.0
84,0.49903804063796997,0.1824565976858139,0.5280531644821167,0.15540800988674164,0.4889691472053528,0.14692659676074982,0.5769444108009338,0.20787467062473297,0.0,0.0,0.625490665435791,0.43356525897979736,0.4269988238811493,0.4098522365093231,0.6680058240890503,0.7219712138175964,0.3806121349334717,0.6868309378623962,0.6602714657783508,0.6526994705200195,0.41821280121803284,0.6279579997062683,0.5865781903266907,0.9363691210746765,0.4516568183898926,0.9254533648490906,0.0,0.0,0.0,0.0,0.0,0.0,0.0,0.0
85,0.4965249001979828,0.1795503795146942,0.5255059599876404,0.1521330326795578,0.4866866171360016,0.142791748046875,0.5753380060195923,0.20443858206272125,0.0,0.0,0.6261701583862305,0.4310374855995178,0.4267148971557617,0.407917857170105,0.6681880354881287,0.7231203317642212,0.38185855746269226,0.6943753957748413,0.6646236777305603,0.6584224700927734,0.4274253845214844,0.6168272495269775,0.5898438692092896,0.9379735589027405,0.4551849961280823,0.927881121635437,0.0,0.0,0.0,0.0,0.0,0.0,0.0,0.0
86,0.49604007601737976,0.17756089568138123,0.5240668058395386,0.15064629912376404,0.48544153571128845,0.14121636748313904,0.5723087191581726,0.20349295437335968,0.0,0.0,0.6263269782066345,0.42919039726257324,0.4261603057384491,0.40629011392593384,0.6641077399253845,0.719213604927063,0.3818033039569855,0.6962735652923584,0.6679427623748779,0.6693115234375,0.4287116229534149,0.6179496049880981,0.5916573405265808,0.9356377720832825,0.45637598633766174,0.924339234828949,0.0,0.0,0.0,0.0,0.0,0.0,0.0,0.0
87,0.4957142770290375,0.1759691834449768,0.5225895643234253,0.14865095913410187,0.4838899075984955,0.14066149294376373,0.5691908001899719,0.19970591366291046,0.0,0.0,0.6256747841835022,0.4263724386692047,0.42473968863487244,0.4069766700267792,0.6588730216026306,0.7113850712776184,0.3822420537471771,0.6954455971717834,0.6669270396232605,0.6723120808601379,0.42972666025161743,0.6198149919509888,0.5935052037239075,0.9340466260910034,0.4581964612007141,0.9240063428878784,0.0,0.0,0.0,0.0,0.0,0.0,0.0,0.0
88,0.49567911028862,0.17586523294448853,0.5225774049758911,0.14863981306552887,0.483725368976593,0.1407565325498581,0.5691817998886108,0.20009776949882507,0.4725278913974762,0.17993813753128052,0.6255918145179749,0.42645442485809326,0.42464956641197205,0.40732458233833313,0.658486545085907,0.711677074432373,0.3823911249637604,0.69611656665802,0.6668855547904968,0.6723940968513489,0.429563045501709,0.6206805109977722,0.5933165550231934,0.9346691966056824,0.4578307271003723,0.9246829748153687,0.0,0.0,0.0,0.0,0.0,0.0,0.0,0.0
89,0.4945046007633209,0.17338666319847107,0.5218381881713867,0.14739318192005157,0.48306891322135925,0.1388840526342392,0.56721431016922,0.202244371175766,0.4717099368572235,0.18037982285022736,0.6243810057640076,0.424445241689682,0.42383724451065063,0.40781810879707336,0.6762155890464783,0.7150618433952332,0.3814941942691803,0.7013623118400574,0.667088508605957,0.6592522859573364,0.42896533012390137,0.6223612427711487,0.5933765769004822,0.9346970319747925,0.4582056701183319,0.9254427552223206,0.0,0.0,0.0,0.0,0.0,0.0,0.0,0.0
90,0.493831068277359,0.17369858920574188,0.5210186839103699,0.14726589620113373,0.4817310869693756,0.13889345526695251,0.5662068724632263,0.20191605389118195,0.4700887203216553,0.18116262555122375,0.6236937046051025,0.42174869775772095,0.4237700402736664,0.4104924201965332,0.6750583052635193,0.6982253789901733,0.3814071714878082,0.6965225338935852,0.6664843559265137,0.6737975478172302,0.42337489128112793,0.6249803304672241,0.5943649411201477,0.9313318729400635,0.45976611971855164,0.9238253235816956,0.0,0.0,0.0,0.0,0.0,0.0,0.0,0.0
91,0.4933510720729828,0.17562256753444672,0.5212070345878601,0.1482321321964264,0.48105359077453613,0.1399318128824234,0.5662713646888733,0.20232520997524261,0.4681531488895416,0.18115878105163574,0.6234015822410583,0.4256899058818817,0.4235456883907318,0.4097394049167633,0.6779224276542664,0.7105295062065125,0.3836807906627655,0.6934423446655273,0.6612401008605957,0.6606104373931885,0.41881629824638367,0.638680100440979,0.5945367813110352,0.9307860732078552,0.46064281463623047,0.9211680293083191,0.0,0.0,0.0,0.0,0.0,0.0,0.0,0.0
92,0.49421748518943787,0.1783723086118698,0.5215203166007996,0.15028588473796844,0.4814303517341614,0.1432214379310608,0.5653783082962036,0.20265376567840576,0.46771439909935,0.18467116355895996,0.624223530292511,0.42814886569976807,0.422832727432251,0.41238483786582947,0.6775694489479065,0.7121022939682007,0.38333645462989807,0.6907320618629456,0.6597451567649841,0.6568066477775574,0.4071369767189026,0.6605984568595886,0.5938317179679871,0.932439923286438,0.4592198431491852,0.9223337769508362,0.0,0.0,0.0,0.0,0.0,0.0,0.0,0.0
93,0.494206041097641,0.17838460206985474,0.5213753581047058,0.15046314895153046,0.4814283847808838,0.14361174404621124,0.5653188824653625,0.2026999592781067,0.4678421914577484,0.18516623973846436,0.6240876317024231,0.4278178811073303,0.42311879992485046,0.4128803610801697,0.6774589419364929,0.7117663621902466,0.3835337162017822,0.6919992566108704,0.6599047183990479,0.6568711400032043,0.40989843010902405,0.656749427318573,0.594023585319519,0.931609570980072,0.4597555696964264,0.9220473170280457,0.0,0.0,0.0,0.0,0.0,0.0,0.0,0.0
94,0.49442920088768005,0.17818371951580048,0.5215310454368591,0.15074323117733002,0.4815226197242737,0.14402422308921814,0.5656366348266602,0.20309536159038544,0.46764880418777466,0.1855650395154953,0.6228801608085632,0.42878761887550354,0.42263656854629517,0.41366371512413025,0.6715698838233948,0.7151724100112915,0.38342615962028503,0.6964033246040344,0.6536880135536194,0.6487863659858704,0.41698023676872253,0.6458761692047119,0.594536542892456,0.9309435486793518,0.46009817719459534,0.9222926497459412,0.0,0.0,0.0,0.0,0.0,0.0,0.0,0.0
95,0.4946828782558441,0.17339974641799927,0.5212842226028442,0.14803098142147064,0.4814719259738922,0.14066463708877563,0.5641321539878845,0.20369932055473328,0.46755072474479675,0.1847645342350006,0.6197349429130554,0.42717933654785156,0.42175808548927307,0.4109252393245697,0.6625922918319702,0.7148587107658386,0.3836570382118225,0.702896773815155,0.6644816398620605,0.632286787033081,0.42735186219215393,0.6223747730255127,0.5974794626235962,0.9302006959915161,0.4634290337562561,0.9232912063598633,0.0,0.0,0.0,0.0,0.0,0.0,0.0,0.0
96,0.49354609847068787,0.1691509336233139,0.519938051700592,0.1453160047531128,0.48119041323661804,0.13798904418945312,0.5636135339736938,0.2038308084011078,0.46907028555870056,0.18440209329128265,0.620069682598114,0.4261392652988434,0.4206496775150299,0.407903254032135,0.6554167866706848,0.7171975374221802,0.3801887333393097,0.7026053071022034,0.6658338904380798,0.643729031085968,0.4330179691314697,0.6223480701446533,0.5992457270622253,0.9302255511283875,0.46385112404823303,0.9239969849586487,0.0,0.0,0.0,0.0,0.0,0.0,0.0,0.0
97,0.49355506896972656,0.1668747067451477,0.5197228193283081,0.14448025822639465,0.48090845346450806,0.13659121096134186,0.5623896718025208,0.20546826720237732,0.46875402331352234,0.18528532981872559,0.6205815672874451,0.427238792181015,0.4189966320991516,0.40724244713783264,0.6535415053367615,0.7200537323951721,0.3819274306297302,0.7044065594673157,0.6664245128631592,0.6489853262901306,0.43967708945274353,0.6146986484527588,0.5981113314628601,0.930878758430481,0.46112605929374695,0.9231820702552795,0.0,0.0,0.0,0.0,0.0,0.0,0.0,0.0
98,0.4932588040828705,0.1669817864894867,0.5195325613021851,0.14390717446804047,0.4806673526763916,0.13611984252929688,0.5626848340034485,0.2039647400379181,0.46855470538139343,0.1839437037706375,0.6209985613822937,0.4274406433105469,0.4191499650478363,0.40721362829208374,0.6535913348197937,0.7201774716377258,0.38247308135032654,0.7036970257759094,0.6665305495262146,0.6489187479019165,0.43925443291664124,0.6160849332809448,0.5972611308097839,0.930668294429779,0.46023494005203247,0.9224890470504761,0.0,0.0,0.0,0.0,0.0,0.0,0.0,0.0
99,0.4927782714366913,0.16666388511657715,0.5189263224601746,0.14356721937656403,0.47996148467063904,0.13620741665363312,0.5618243217468262,0.20353972911834717,0.4678020179271698,0.18502172827720642,0.6216406226158142,0.42325907945632935,0.41870424151420593,0.40924885869026184,0.6596767902374268,0.7113386988639832,0.3814569115638733,0.7047107815742493,0.6620873212814331,0.6638950109481812,0.4384394586086273,0.6223336458206177,0.5981571078300476,0.931648850440979,0.46082454919815063,0.9255985617637634,0.0,0.0,0.0,0.0,0.0,0.0,0.0,0.0
100,0.4926850497722626,0.16832557320594788,0.5185529589653015,0.14405059814453125,0.4787445664405823,0.13833780586719513,0.5608469843864441,0.2023051381111145,0.46518126130104065,0.18830780684947968,0.6209735870361328,0.4233563244342804,0.41861677169799805,0.41294220089912415,0.6612825393676758,0.7104402780532837,0.38352689146995544,0.7040446996688843,0.6612908244132996,0.6680812835693359,0.4252419173717499,0.640433669090271,0.5946714282035828,0.9305419921875,0.4576694667339325,0.9249328374862671,0.0,0.0,0.0,0.0,0.0,0.0,0.0,0.0
101,0.49294090270996094,0.16950860619544983,0.5184727311134338,0.14457827806472778,0.47825250029563904,0.14015144109725952,0.5604175329208374,0.20201720297336578,0.46383538842201233,0.19118250906467438,0.6209649443626404,0.42497602105140686,0.4191999137401581,0.413627952337265,0.6637812256813049,0.7159618735313416,0.3835310935974121,0.7016410827636719,0.6579898595809937,0.6659861207008362,0.4251532256603241,0.6352897882461548,0.591472327709198,0.9315691590309143,0.45419999957084656,0.9242522120475769,0.0,0.0,0.0,0.0,0.0,0.0,0.0,0.0
102,0.49273648858070374,0.17081399261951447,0.5181235671043396,0.14510072767734528,0.47777944803237915,0.14111660420894623,0.5601195693016052,0.20138776302337646,0.46309444308280945,0.19170089066028595,0.6204454898834229,0.42440709471702576,0.4192725121974945,0.4145626127719879,0.6632797122001648,0.7130044102668762,0.38226282596588135,0.7007454633712769,0.656204879283905,0.6714539527893066,0.42164650559425354,0.6393977403640747,0.5910667777061462,0.9300627708435059,0.4540194571018219,0.9232552647590637,0.0,0.0,0.0,0.0,0.0,0.0,0.0,0.0
103,0.4927670657634735,0.17161156237125397,0.5180066227912903,0.14527104794979095,0.4775029122829437,0.1419631391763687,0.5600968599319458,0.2004871666431427,0.4625818729400635,0.19234232604503632,0.6205775141716003,0.42487117648124695,0.41923457384109497,0.4147767126560211,0.6622682809829712,0.7135223746299744,0.3820815086364746,0.6986429691314697,0.6563551425933838,0.6708720922470093,0.42165088653564453,0.639502227306366,0.5908017754554749,0.930425226688385,0.453611820936203,0.923638641834259,0.0,0.0,0.0,0.0,0.0,0.0,0.0,0.0
104,0.4930296540260315,0.172489196062088,0.5179020762443542,0.14586639404296875,0.4774192273616791,0.14312127232551575,0.5598889589309692,0.19975529611110687,0.46235331892967224,0.19311140477657318,0.6201047897338867,0.4245380759239197,0.41890379786491394,0.41586723923683167,0.6566902995109558,0.710989773273468,0.3813152015209198,0.6993502974510193,0.6547495722770691,0.6740840673446655,0.420258104801178,0.6402037143707275,0.5918712019920349,0.9306305050849915,0.4548496901988983,0.9251512885093689,0.0,0.0,0.0,0.0,0.0,0.0,0.0,0.0
105,0.4930083751678467,0.17385868728160858,0.5178621411323547,0.14680564403533936,0.4773886203765869,0.14412830770015717,0.5600403547286987,0.19951452314853668,0.4622460901737213,0.192856103181839,0.6198853254318237,0.42468756437301636,0.41860947012901306,0.4158264696598053,0.65630704164505,0.7107979655265808,0.3793821334838867,0.6998071670532227,0.6545130610466003,0.6728088855743408,0.42185717821121216,0.6375911831855774,0.5917096138000488,0.9308592677116394,0.4551081359386444,0.9255771040916443,0.0,0.0,0.0,0.0,0.0,0.0,0.0,0.0
106,0.4930948317050934,0.17313677072525024,0.5178533792495728,0.14651256799697876,0.47752293944358826,0.1438283920288086,0.5600032210350037,0.19967834651470184,0.462541788816452,0.19310134649276733,0.6198009848594666,0.4234873950481415,0.4184623658657074,0.41598278284072876,0.656350314617157,0.7069934606552124,0.37987324595451355,0.7007124423980713,0.6543791890144348,0.6709710955619812,0.4248831868171692,0.6353490948677063,0.5903307199478149,0.9320070743560791,0.45340585708618164,0.9269370436668396,0.0,0.0,0.0,0.0,0.0,0.0,0.0,0.0
107,0.4932636320590973,0.17272476851940155,0.5178422331809998,0.14629264175891876,0.4778585433959961,0.1438196897506714,0.5600043535232544,0.19889792799949646,0.4631407856941223,0.19280703365802765,0.620226263999939,0.42251694202423096,0.419117271900177,0.4150986075401306,0.6587488055229187,0.7059987783432007,0.3797007203102112,0.699224591255188,0.6540057063102722,0.6695489287376404,0.4247673451900482,0.6366864442825317,0.58990877866745,0.9316522479057312,0.4534795880317688,0.9262978434562683,0.0,0.0,0.0,0.0,0.0,0.0,0.0,0.0
108,0.49318328499794006,0.17306667566299438,0.5178117156028748,0.14622846245765686,0.4777987003326416,0.1440955549478531,0.5602626204490662,0.19808202981948853,0.4631326198577881,0.1926216036081314,0.6200841069221497,0.4221610128879547,0.41940003633499146,0.4146485924720764,0.6576571464538574,0.7070032358169556,0.3802935779094696,0.6979665756225586,0.6537091135978699,0.6693094968795776,0.42420297861099243,0.6385807394981384,0.5901438593864441,0.9308145046234131,0.454158753156662,0.9259272813796997,0.0,0.0,0.0,0.0,0.0,0.0,0.0,0.0
109,0.49341604113578796,0.1734422892332077,0.5177212953567505,0.14602507650852203,0.47796860337257385,0.1445215493440628,0.5605666637420654,0.19675014913082123,0.46370720863342285,0.19266916811466217,0.6210651397705078,0.42172273993492126,0.42114192247390747,0.414873868227005,0.6605419516563416,0.7088245153427124,0.3802085518836975,0.6987800598144531,0.6551613211631775,0.6751232147216797,0.42738205194473267,0.6271435618400574,0.590981662273407,0.9276754260063171,0.455820769071579,0.9228390455245972,0.0,0.0,0.0,0.0,0.0,0.0,0.0,0.0
110,0.49322494864463806,0.17596428096294403,0.5176724195480347,0.14767755568027496,0.47721996903419495,0.1463310420513153,0.5608882308006287,0.197675421833992,0.46257972717285156,0.1942352056503296,0.6220534443855286,0.4233861267566681,0.4220500588417053,0.416250079870224,0.6622279286384583,0.7116314768791199,0.3816542625427246,0.7001972198486328,0.6550676226615906,0.6741286516189575,0.42888689041137695,0.6213966012001038,0.5917374491691589,0.9281986355781555,0.4565891921520233,0.9223108291625977,0.0,0.0,0.0,0.0,0.0,0.0,0.0,0.0
111,0.49427366256713867,0.17852410674095154,0.518455445766449,0.14913323521614075,0.47793689370155334,0.14866729080677032,0.5617308020591736,0.19691422581672668,0.4629671275615692,0.19549213349819183,0.6242255568504333,0.42346054315567017,0.4234777092933655,0.4161542057991028,0.6636334657669067,0.7127528786659241,0.3838038146495819,0.6982353925704956,0.6516816020011902,0.6613477468490601,0.4339755177497864,0.61197429895401,0.5933237671852112,0.9278903007507324,0.4577235281467438,0.9211700558662415,0.0,0.0,0.0,0.0,0.0,0.0,0.0,0.0
112,0.494338721036911,0.17851786315441132,0.5188165307044983,0.14927291870117188,0.4782131314277649,0.14816342294216156,0.5623216032981873,0.1979037970304489,0.4636242985725403,0.19508440792560577,0.624639630317688,0.4230029881000519,0.42431584000587463,0.4166700541973114,0.6650598049163818,0.7110239267349243,0.3836429715156555,0.6987439393997192,0.6466330885887146,0.6621487140655518,0.43682238459587097,0.60524582862854,0.5943988561630249,0.9230729937553406,0.4596826732158661,0.9168185591697693,0.0,0.0,0.0,0.0,0.0,0.0,0.0,0.0
113,0.49443793296813965,0.17880535125732422,0.5188903212547302,0.1493685394525528,0.4783153533935547,0.1486615389585495,0.5627690553665161,0.19759759306907654,0.46386486291885376,0.19565819203853607,0.6249198913574219,0.4220130741596222,0.4247508645057678,0.41586029529571533,0.6647593379020691,0.7114436030387878,0.38415461778640747,0.6979126334190369,0.6467909812927246,0.662156879901886,0.4376702904701233,0.6037759780883789,0.5937477350234985,0.9227919578552246,0.4586871266365051,0.9166243076324463,0.0,0.0,0.0,0.0,0.0,0.0,0.0,0.0
114,0.4949052929878235,0.1738472878932953,0.5197445750236511,0.14576265215873718,0.47902846336364746,0.14474856853485107,0.5640724301338196,0.19764220714569092,0.4649539589881897,0.19489645957946777,0.6248690485954285,0.4209504723548889,0.42575952410697937,0.414113849401474,0.6640111804008484,0.7097994685173035,0.3837021291255951,0.6953931450843811,0.6432523727416992,0.6576752066612244,0.438692569732666,0.6044765114784241,0.5921927094459534,0.9242441058158875,0.4569668471813202,0.9174689650535583,0.0,0.0,0.0,0.0,0.0,0.0,0.0,0.0
115,0.49673500657081604,0.17234095931053162,0.5210184454917908,0.14352160692214966,0.48065969347953796,0.14308896660804749,0.5646517872810364,0.19348327815532684,0.4662129878997803,0.19196805357933044,0.6265846490859985,0.421286016702652,0.4261011779308319,0.4125294089317322,0.6624616980552673,0.7137631177902222,0.3851455748081207,0.694109320640564,0.6444024443626404,0.6634641289710999,0.4424078166484833,0.6017162799835205,0.593325138092041,0.9231857657432556,0.4575003683567047,0.9154955148696899,0.0,0.0,0.0,0.0,0.0,0.0,0.0,0.0
116,0.4975340962409973,0.16978830099105835,0.521212100982666,0.1410451978445053,0.48137807846069336,0.142340287566185,0.5655476450920105,0.18975788354873657,0.4675065577030182,0.19190570712089539,0.6260088682174683,0.4189613163471222,0.42745906114578247,0.4100392460823059,0.6564739346504211,0.7084609270095825,0.3863689601421356,0.6870294809341431,0.6546984314918518,0.6786012649536133,0.44074317812919617,0.6142222285270691,0.590871274471283,0.9260429739952087,0.4564455449581146,0.9192947745323181,0.0,0.0,0.0,0.0,0.0,0.0,0.0,0.0
117,0.4978817105293274,0.1688801348209381,0.5218560099601746,0.13910318911075592,0.48223280906677246,0.14123742282390594,0.5674044489860535,0.18644627928733826,0.4690219461917877,0.19000433385372162,0.629069447517395,0.42144763469696045,0.42866775393486023,0.4112926125526428,0.6543071269989014,0.7111314535140991,0.39043059945106506,0.67955082654953,0.6516015529632568,0.678956925868988,0.43053099513053894,0.6296785473823547,0.5934405326843262,0.9275063276290894,0.45885124802589417,0.9205626845359802,0.0,0.0,0.0,0.0,0.0,0.0,0.0,0.0
118,0.4978206157684326,0.16873781383037567,0.5217820405960083,0.1390332728624344,0.48225337266921997,0.14113293588161469,0.5674142837524414,0.1864459216594696,0.46914514899253845,0.18993572890758514,0.6292020678520203,0.4215809404850006,0.42876997590065,0.4114443361759186,0.6541628241539001,0.7116826176643372,0.3912448287010193,0.68016517162323,0.6513713002204895,0.6788711547851562,0.4303482174873352,0.628373920917511,0.5929418802261353,0.9275307059288025,0.45809778571128845,0.9203051924705505,0.0,0.0,0.0,0.0,0.0,0.0,0.0,0.0
119,0.49798527359962463,0.16944298148155212,0.5220839381217957,0.13901761174201965,0.482584148645401,0.14188252389431,0.5683466196060181,0.1853289008140564,0.46974870562553406,0.1902323216199875,0.6307668685913086,0.4219712018966675,0.4306473731994629,0.4118771553039551,0.6591565012931824,0.7117743492126465,0.3919380307197571,0.6738738417625427,0.6536073088645935,0.6796722412109375,0.4281039237976074,0.6348801851272583,0.5958214402198792,0.9312785863876343,0.4622556269168854,0.9246271848678589,0.0,0.0,0.0,0.0,0.0,0.0,0.0,0.0
