,0,1,2,3,4,5,6,7,8,9,10,11,12,13,14,15,16,17,18,19,20,21,22,23,24,25,26,27,28,29,30,31,32,33
0,0.5505566596984863,0.38183045387268066,0.5733664035797119,0.37014690041542053,0.5322121381759644,0.36710646748542786,0.6013891100883484,0.3666530251502991,0.49530038237571716,0.3600865602493286,0.6414070129394531,0.43227294087409973,0.4308209717273712,0.4203025996685028,0.7210466265678406,0.4945618808269501,0.30679449439048767,0.4706316292285919,0.6220859885215759,0.4729602336883545,0.4286525547504425,0.4619026482105255,0.6059884428977966,0.619562029838562,0.4766989052295685,0.6190083026885986,0.5928654670715332,0.7483672499656677,0.4726475179195404,0.7628569006919861,0.5815796852111816,0.875116765499115,0.4358941614627838,0.8943895697593689
1,0.5499042272567749,0.3815867304801941,0.5726145505905151,0.36979398131370544,0.5316532850265503,0.36696386337280273,0.6012921929359436,0.36618053913116455,0.4953576326370239,0.3601391613483429,0.6416165232658386,0.4319666624069214,0.4307698607444763,0.42039090394973755,0.7204611897468567,0.49508216977119446,0.30591046810150146,0.47132712602615356,0.6172657012939453,0.473235547542572,0.42746469378471375,0.461366206407547,0.6030451059341431,0.6187602281570435,0.4734925925731659,0.6182276606559753,0.5926011204719543,0.7486258149147034,0.47158434987068176,0.7630002498626709,0.5820239782333374,0.8755531907081604,0.43451377749443054,0.89460289478302
2,0.5482804775238037,0.38157570362091064,0.570973813533783,0.36970725655555725,0.5300811529159546,0.36696314811706543,0.6000109910964966,0.3659757077693939,0.4940929114818573,0.3601670265197754,0.6412851810455322,0.4319959878921509,0.4298366904258728,0.420908659696579,0.7210122346878052,0.49522581696510315,0.3054102957248688,0.4720597267150879,0.6156052350997925,0.4733825922012329,0.42644962668418884,0.4607023596763611,0.6028269529342651,0.6205250024795532,0.47272682189941406,0.6200936436653137,0.5930817127227783,0.7496323585510254,0.47047072649002075,0.7639167308807373,0.5825352072715759,0.8760263323783875,0.4340861439704895,0.8946766257286072
3,0.5477978587150574,0.38171228766441345,0.570536196231842,0.36976003646850586,0.5296521186828613,0.36705923080444336,0.59937983751297,0.36578428745269775,0.49352145195007324,0.3600858449935913,0.6408599615097046,0.43153879046440125,0.4290074110031128,0.4208577573299408,0.7205628752708435,0.4949400722980499,0.3058869242668152,0.47206348180770874,0.6125415563583374,0.4732432961463928,0.42509061098098755,0.4604666829109192,0.6018533110618591,0.6211601495742798,0.4713180959224701,0.6208561062812805,0.5918062329292297,0.7508764863014221,0.4679013192653656,0.7657305598258972,0.5828418135643005,0.8767778873443604,0.4346708357334137,0.8957193493843079
4,0.5469729900360107,0.38182440400123596,0.569700300693512,0.3698786497116089,0.5289078950881958,0.367180734872818,0.5986164212226868,0.3658335506916046,0.4929853081703186,0.3601611256599426,0.6402580738067627,0.4313686490058899,0.42870280146598816,0.4209405481815338,0.7202082872390747,0.49497249722480774,0.3060949742794037,0.47238820791244507,0.6120116114616394,0.473772257566452,0.424773246049881,0.46138402819633484,0.601351261138916,0.6204175353050232,0.47112178802490234,0.6203761100769043,0.5915823578834534,0.7497078776359558,0.46830692887306213,0.7657731771469116,0.5816453099250793,0.8760647177696228,0.4349968135356903,0.8963991403579712
5,0.5465434789657593,0.38175269961357117,0.5693989992141724,0.36981284618377686,0.5287039279937744,0.3671643137931824,0.5985149145126343,0.3659239709377289,0.49287933111190796,0.3602536618709564,0.6393359303474426,0.4312629997730255,0.42814159393310547,0.4211488366127014,0.7196107506752014,0.4950418770313263,0.30575013160705566,0.47293978929519653,0.6133305430412292,0.4737352728843689,0.4237075746059418,0.4622643291950226,0.6001707911491394,0.6187344193458557,0.4702138602733612,0.6190311908721924,0.5914593935012817,0.7465487718582153,0.4678902328014374,0.7640759348869324,0.5805259346961975,0.8750595450401306,0.43404868245124817,0.8954412937164307
6,0.5466740131378174,0.3816954493522644,0.5693519711494446,0.369841605424881,0.5288380980491638,0.3671796917915344,0.5981693863868713,0.36610519886016846,0.49299919605255127,0.36039844155311584,0.6395840048789978,0.43154674768447876,0.42858508229255676,0.4213657081127167,0.7196944355964661,0.4954550862312317,0.3059966564178467,0.4737912118434906,0.6139200329780579,0.4732556641101837,0.4241486191749573,0.4626055657863617,0.6025490760803223,0.6186479330062866,0.47270166873931885,0.6187869906425476,0.592406153678894,0.7477084994316101,0.46909406781196594,0.7641473412513733,0.5817460417747498,0.8755640387535095,0.4349886476993561,0.8950024247169495
7,0.5461821556091309,0.38210025429725647,0.5688509345054626,0.3700326979160309,0.5283272862434387,0.3674612045288086,0.5980239510536194,0.36588814854621887,0.4928574562072754,0.36043500900268555,0.6393008828163147,0.43129071593284607,0.42938560247421265,0.42166560888290405,0.7198076844215393,0.49558594822883606,0.30692893266677856,0.474809467792511,0.6152921319007874,0.4729083180427551,0.424358606338501,0.46225863695144653,0.6013361811637878,0.6186372637748718,0.47242066264152527,0.6190971732139587,0.5916938781738281,0.7473872303962708,0.4696393311023712,0.7649332880973816,0.5807212591171265,0.8749770522117615,0.4353696405887604,0.896068811416626
8,0.5459467768669128,0.38206031918525696,0.5686691999435425,0.37006357312202454,0.5280854105949402,0.3674347698688507,0.5981515049934387,0.3660634160041809,0.4927896559238434,0.3605270981788635,0.6397100687026978,0.43146416544914246,0.4291830062866211,0.4216735064983368,0.7200331091880798,0.4953576326370239,0.30703556537628174,0.4751182794570923,0.6167363524436951,0.4725612998008728,0.42489543557167053,0.4626007378101349,0.6007741093635559,0.6190136075019836,0.47141167521476746,0.6192079186439514,0.5913698673248291,0.7478358745574951,0.4690989553928375,0.7641025185585022,0.5804668068885803,0.8748165369033813,0.43549108505249023,0.8952036499977112
9,0.5460850596427917,0.3823373019695282,0.5689755082130432,0.37047260999679565,0.5282810926437378,0.36780887842178345,0.5982972383499146,0.36688438057899475,0.4926561117172241,0.3611949384212494,0.6392874121665955,0.43195778131484985,0.42875584959983826,0.42264407873153687,0.7202507853507996,0.49524253606796265,0.30720943212509155,0.47613298892974854,0.6186268925666809,0.47295430302619934,0.4237792193889618,0.4632214903831482,0.601786196231842,0.6174495816230774,0.4724879562854767,0.6179118156433105,0.5920519232749939,0.7461137771606445,0.46949896216392517,0.7630054950714111,0.579371988773346,0.8744555115699768,0.43500015139579773,0.8944098353385925
10,0.5459357500076294,0.38249456882476807,0.568866491317749,0.3706646263599396,0.5283263921737671,0.3679565489292145,0.5984370112419128,0.3669723570346832,0.49303361773490906,0.36115825176239014,0.6391839385032654,0.4316422939300537,0.42974796891212463,0.42233550548553467,0.7198193669319153,0.495514839887619,0.30791863799095154,0.476542592048645,0.619360089302063,0.4724132716655731,0.4237332344055176,0.46303531527519226,0.6026759743690491,0.6160364747047424,0.4741913378238678,0.616500973701477,0.5913975238800049,0.7450170516967773,0.47011688351631165,0.7620108723640442,0.5793262720108032,0.8743200302124023,0.43564191460609436,0.8940798044204712
11,0.5463383793830872,0.3825168311595917,0.5691418051719666,0.3706599771976471,0.5285569429397583,0.3680168390274048,0.5983699560165405,0.36696693301200867,0.4929552972316742,0.36128363013267517,0.6388353705406189,0.43184658885002136,0.4296950101852417,0.4225085377693176,0.7196541428565979,0.49619895219802856,0.30791741609573364,0.4771983027458191,0.6213265061378479,0.4721238315105438,0.4233050048351288,0.4627001881599426,0.6024342775344849,0.6160380244255066,0.4740869402885437,0.6164748072624207,0.5917251110076904,0.7454168796539307,0.47003185749053955,0.7621365785598755,0.5792032480239868,0.8748598694801331,0.43485841155052185,0.8942280411720276
12,0.5465114712715149,0.3827610909938812,0.5690237283706665,0.3709195852279663,0.5286833047866821,0.3683868646621704,0.5980344414710999,0.36702874302864075,0.4931483864784241,0.36165741086006165,0.6398768424987793,0.43168070912361145,0.43034085631370544,0.42267754673957825,0.7196799516677856,0.49646785855293274,0.30929285287857056,0.4779001474380493,0.6204217672348022,0.47205445170402527,0.4235348105430603,0.462469220161438,0.6045998930931091,0.6167783141136169,0.4757436513900757,0.6171546578407288,0.5915613770484924,0.7465057373046875,0.468761682510376,0.7627671360969543,0.5788148641586304,0.8751789331436157,0.43476638197898865,0.8946823477745056
13,0.5463356971740723,0.38310006260871887,0.5685760378837585,0.3712889552116394,0.5285536646842957,0.3688827157020569,0.5978246331214905,0.3668350279331207,0.49348506331443787,0.3618817925453186,0.6400658488273621,0.43114379048347473,0.43104010820388794,0.42235854268074036,0.7193698287010193,0.49724191427230835,0.3113381266593933,0.47875458002090454,0.6188290119171143,0.47320663928985596,0.4244479537010193,0.4629702866077423,0.6027881503105164,0.6186479926109314,0.47389519214630127,0.6189174056053162,0.5917810201644897,0.7485670447349548,0.4694121778011322,0.7641585469245911,0.5787623524665833,0.8753564357757568,0.4350220263004303,0.8942255973815918
14,0.545939028263092,0.38319283723831177,0.5683877468109131,0.37128946185112,0.5283050537109375,0.368913471698761,0.5980107188224792,0.3665889501571655,0.4933360815048218,0.3617108166217804,0.6396102905273438,0.43045803904533386,0.43061766028404236,0.42239758372306824,0.7187393307685852,0.49742230772972107,0.31257691979408264,0.4802001714706421,0.6161842346191406,0.4747207760810852,0.4268762171268463,0.4639698266983032,0.6010637283325195,0.6192911863327026,0.47190025448799133,0.619866132736206,0.5910765528678894,0.7481015920639038,0.4684438705444336,0.764420747756958,0.5791004300117493,0.8751471042633057,0.43440964818000793,0.8939348459243774
15,0.5457911491394043,0.38324230909347534,0.5679065585136414,0.37135037779808044,0.5280852913856506,0.3689654469490051,0.5965819954872131,0.366325706243515,0.4928494989871979,0.36150655150413513,0.6383458971977234,0.42972463369369507,0.4303586184978485,0.42226117849349976,0.7176014184951782,0.49683472514152527,0.31269320845603943,0.4816550612449646,0.6108296513557434,0.47520747780799866,0.42768117785453796,0.4650723934173584,0.6008039712905884,0.617114782333374,0.47248202562332153,0.6177144646644592,0.5911972522735596,0.7474757432937622,0.4696212708950043,0.7627578973770142,0.5789629817008972,0.8750511407852173,0.43456533551216125,0.8934698700904846
16,0.5451757311820984,0.38334035873413086,0.5674829483032227,0.3714495599269867,0.5275553464889526,0.3689097464084625,0.5958155393600464,0.36656543612480164,0.492225706577301,0.3614531457424164,0.6368864178657532,0.429606556892395,0.4300262928009033,0.42284101247787476,0.7166105508804321,0.4956419765949249,0.3145241439342499,0.4825880229473114,0.6078288555145264,0.4760963022708893,0.42825785279273987,0.46556493639945984,0.5996500849723816,0.6172164082527161,0.4720337986946106,0.6179459691047668,0.5904462933540344,0.7468207478523254,0.4694443345069885,0.7617181539535522,0.579380452632904,0.8745012283325195,0.43529245257377625,0.8932527303695679
17,0.5444433093070984,0.38340139389038086,0.5669388175010681,0.3713915944099426,0.5267096161842346,0.3689318299293518,0.5958256721496582,0.3661404550075531,0.49153050780296326,0.36135339736938477,0.636672854423523,0.4287668466567993,0.4296853542327881,0.4233130216598511,0.7168020606040955,0.4959767162799835,0.3153659999370575,0.4856903851032257,0.6054420471191406,0.4783816635608673,0.4281070828437805,0.4668695032596588,0.5978887677192688,0.6196122765541077,0.46984022855758667,0.6206957697868347,0.5905352234840393,0.7477436661720276,0.46983060240745544,0.7626230716705322,0.5799331665039062,0.8746200799942017,0.4342637062072754,0.8931982517242432
18,0.5445917844772339,0.38355761766433716,0.5670164823532104,0.371452659368515,0.5267497897148132,0.36903002858161926,0.5958191752433777,0.3660144507884979,0.49165356159210205,0.36137640476226807,0.6370437741279602,0.428156316280365,0.43041151762008667,0.4231500029563904,0.7159878015518188,0.4962663948535919,0.3170318007469177,0.4866962134838104,0.604415774345398,0.48023855686187744,0.42880886793136597,0.46746745705604553,0.5983797907829285,0.6168769001960754,0.4705609679222107,0.6179747581481934,0.5905753970146179,0.7470133900642395,0.4696812927722931,0.761340856552124,0.580399215221405,0.8752418756484985,0.43538495898246765,0.8937427997589111
19,0.5444656610488892,0.38357245922088623,0.5667275786399841,0.3714660108089447,0.5264254808425903,0.3690902292728424,0.595330536365509,0.3660207986831665,0.4913703501224518,0.36166322231292725,0.6371977925300598,0.42781001329421997,0.43028518557548523,0.42375606298446655,0.7157827615737915,0.4962316155433655,0.3182840347290039,0.4882928133010864,0.6062136292457581,0.4845419228076935,0.42842400074005127,0.4682796597480774,0.5973026156425476,0.6165977716445923,0.4692491888999939,0.6179414391517639,0.5897449254989624,0.7475970387458801,0.4683808982372284,0.7617133855819702,0.5791175961494446,0.8746902942657471,0.43514591455459595,0.894836962223053
20,0.5445080399513245,0.3835102617740631,0.5665504932403564,0.37141022086143494,0.526443362236023,0.36905437707901,0.5949979424476624,0.3657033443450928,0.4914547801017761,0.36146554350852966,0.63762366771698,0.42745763063430786,0.4304684102535248,0.4237300455570221,0.7148279547691345,0.4959069490432739,0.3188056945800781,0.48868536949157715,0.6064358353614807,0.4862514138221741,0.42945870757102966,0.4689951241016388,0.5990133285522461,0.617035448551178,0.4707072675228119,0.6184470057487488,0.589865505695343,0.7490602731704712,0.4666057229042053,0.762858510017395,0.5787595510482788,0.8742666840553284,0.4351658523082733,0.8951443433761597
21,0.544120728969574,0.3833434283733368,0.5662686228752136,0.3713534474372864,0.5261960625648499,0.36900416016578674,0.594595193862915,0.36566755175590515,0.4911113977432251,0.3614480197429657,0.6364940404891968,0.4270040690898895,0.42993491888046265,0.4236370325088501,0.7128465175628662,0.49602586030960083,0.32074591517448425,0.4888596534729004,0.6020259857177734,0.4869248569011688,0.42881113290786743,0.46975070238113403,0.5978983640670776,0.6179746389389038,0.46949106454849243,0.6196649670600891,0.5896753668785095,0.7497004866600037,0.466635525226593,0.7648455500602722,0.5785565376281738,0.8744968771934509,0.43561747670173645,0.8956515192985535
22,0.5439196825027466,0.3833405673503876,0.5661016702651978,0.3713985085487366,0.5259819626808167,0.368967741727829,0.5942074656486511,0.3657517433166504,0.49085578322410583,0.3614313304424286,0.6359357833862305,0.4271450340747833,0.43008941411972046,0.42381587624549866,0.7112832069396973,0.49563390016555786,0.3225889503955841,0.48913437128067017,0.5977375507354736,0.48694735765457153,0.4290817975997925,0.4706074595451355,0.5970914363861084,0.6198107004165649,0.46881961822509766,0.6212323904037476,0.5886625051498413,0.7514553666114807,0.4657134413719177,0.7653332352638245,0.5784527063369751,0.8746925592422485,0.4357045292854309,0.8948862552642822
23,0.5439873337745667,0.38372349739074707,0.5664756298065186,0.371784508228302,0.5260332822799683,0.36923518776893616,0.5942513346672058,0.365886390209198,0.49033722281455994,0.3613514304161072,0.6355512738227844,0.4260689616203308,0.4294690191745758,0.4238261878490448,0.711299479007721,0.49307626485824585,0.32491928339004517,0.4888753294944763,0.5938348770141602,0.4880470037460327,0.4285653829574585,0.4713931381702423,0.5973900556564331,0.6192852854728699,0.4687778949737549,0.6211038827896118,0.5893250107765198,0.7499203085899353,0.46536338329315186,0.7646825313568115,0.5782356262207031,0.8743273615837097,0.4362260103225708,0.895445704460144
24,0.5443024635314941,0.38408827781677246,0.5670856237411499,0.37214574217796326,0.5261721611022949,0.36943453550338745,0.5945832133293152,0.3664131164550781,0.48991742730140686,0.36153435707092285,0.6357561349868774,0.426271915435791,0.428908109664917,0.42428773641586304,0.7107883095741272,0.4925353527069092,0.32683876156806946,0.489347368478775,0.5925754904747009,0.48843610286712646,0.42957231402397156,0.4714866876602173,0.5984848737716675,0.6183972358703613,0.4691479206085205,0.6202000975608826,0.5909215807914734,0.7496843338012695,0.46470141410827637,0.7638965249061584,0.5783448815345764,0.8745977878570557,0.4370446801185608,0.8954185843467712
25,0.5451198816299438,0.38422778248786926,0.5681716203689575,0.37260159850120544,0.5271418690681458,0.36960598826408386,0.5950067639350891,0.3671658933162689,0.49023929238319397,0.3616921305656433,0.635246217250824,0.42575904726982117,0.4280540347099304,0.4242655634880066,0.7102976441383362,0.4910517930984497,0.3277425169944763,0.4899902641773224,0.5892367959022522,0.48931553959846497,0.42881447076797485,0.4721543490886688,0.5982698202133179,0.6179572343826294,0.4684170186519623,0.6197665333747864,0.5901085734367371,0.7495830655097961,0.4645760953426361,0.7630876302719116,0.5783078074455261,0.8741680383682251,0.4369299113750458,0.8943220973014832
26,0.5460435748100281,0.38448020815849304,0.5688603520393372,0.37290486693382263,0.5278051495552063,0.3698863983154297,0.5952602624893188,0.36739400029182434,0.490669310092926,0.3619876503944397,0.635732114315033,0.42577242851257324,0.4288308024406433,0.42414590716362,0.7090193033218384,0.4903423488140106,0.3290286958217621,0.48948433995246887,0.5855587720870972,0.4898785650730133,0.42975202202796936,0.47211983799934387,0.5983012318611145,0.6176255941390991,0.46845927834510803,0.6191371083259583,0.5908863544464111,0.7507448792457581,0.46552199125289917,0.7626788020133972,0.5788692235946655,0.8742935657501221,0.43709105253219604,0.894648015499115
27,0.5469929575920105,0.3842134177684784,0.5701427459716797,0.37281733751296997,0.5290344953536987,0.36955225467681885,0.5959422588348389,0.36781802773475647,0.4913521707057953,0.3617583215236664,0.6349067687988281,0.4257013499736786,0.4280851483345032,0.4244145154953003,0.707747220993042,0.48981693387031555,0.32935452461242676,0.4903576076030731,0.58228999376297,0.4903542399406433,0.4300151467323303,0.472435861825943,0.5985240936279297,0.6164262890815735,0.4685477316379547,0.6181793808937073,0.5914801359176636,0.7499129176139832,0.46562203764915466,0.7623901963233948,0.5797556042671204,0.8750406503677368,0.436943382024765,0.8954333066940308
28,0.5475161671638489,0.38431692123413086,0.5707948207855225,0.37300074100494385,0.5298444032669067,0.36958828568458557,0.5961905121803284,0.3679795265197754,0.4919569790363312,0.3615744411945343,0.6342868208885193,0.4256472587585449,0.4274033308029175,0.42456772923469543,0.7063233256340027,0.48928606510162354,0.32901179790496826,0.49086451530456543,0.5761296153068542,0.4913388788700104,0.430508017539978,0.4729882478713989,0.5972226858139038,0.6177031397819519,0.46711984276771545,0.6193565726280212,0.5897459983825684,0.750821590423584,0.4637114405632019,0.7624015212059021,0.5795437097549438,0.8752562403678894,0.43695756793022156,0.8943630456924438
29,0.5478487014770508,0.3842805325984955,0.5712042450904846,0.37318581342697144,0.5302960276603699,0.36959370970726013,0.5957709550857544,0.36848801374435425,0.49183762073516846,0.3616263270378113,0.6330962777137756,0.4256381690502167,0.4271138310432434,0.425192654132843,0.7054787874221802,0.48873835802078247,0.3297448754310608,0.49226438999176025,0.5757002830505371,0.4919089674949646,0.43140172958374023,0.47401073575019836,0.6001415848731995,0.6176732778549194,0.47061043977737427,0.6197989583015442,0.5908394455909729,0.7489904165267944,0.46592023968696594,0.7617313265800476,0.5786705017089844,0.8744680881500244,0.436799556016922,0.8944246768951416
30,0.5479946732521057,0.3844013512134552,0.5714625120162964,0.37330618500709534,0.530430793762207,0.36970967054367065,0.5960412621498108,0.36854270100593567,0.49173396825790405,0.36163321137428284,0.6325766444206238,0.4255177676677704,0.4266526401042938,0.4252922236919403,0.7045467495918274,0.4885718524456024,0.3298875093460083,0.4925496280193329,0.5769917368888855,0.49326854944229126,0.43282350897789,0.47500211000442505,0.6000791192054749,0.6186424493789673,0.47056472301483154,0.6210306882858276,0.5908669829368591,0.749337911605835,0.4667493402957916,0.7626858353614807,0.5782396197319031,0.8747196793556213,0.437656044960022,0.8948209881782532
31,0.5485069751739502,0.384314626455307,0.5722169280052185,0.3732031583786011,0.5312998294830322,0.36950525641441345,0.596332848072052,0.3684411644935608,0.49243277311325073,0.361247181892395,0.6313239336013794,0.4248681664466858,0.4271239638328552,0.42560961842536926,0.702558696269989,0.4879347085952759,0.329227089881897,0.49371588230133057,0.5691310167312622,0.4941653311252594,0.4298292398452759,0.47689515352249146,0.6010780930519104,0.6176931858062744,0.4728773236274719,0.6207548975944519,0.5893630385398865,0.7470979690551758,0.46707457304000854,0.763062596321106,0.5790725946426392,0.8734274506568909,0.4378202557563782,0.8954965472221375
32,0.5485047698020935,0.3842982351779938,0.5717207193374634,0.3732198178768158,0.5310372114181519,0.3696907162666321,0.5957571268081665,0.36815404891967773,0.4923052191734314,0.3615296185016632,0.6315091848373413,0.4245000183582306,0.4271552860736847,0.42541879415512085,0.701692521572113,0.4882895350456238,0.33004191517829895,0.49506837129592896,0.5687373876571655,0.4950626492500305,0.4292028248310089,0.47758233547210693,0.5984380841255188,0.6186347007751465,0.46968474984169006,0.6213391423225403,0.5899704694747925,0.7480413317680359,0.4663495123386383,0.7617735862731934,0.5786899924278259,0.8734976053237915,0.4358699321746826,0.8948771357536316
33,0.5482226014137268,0.38466504216194153,0.5714929699897766,0.3734872341156006,0.5304149389266968,0.37003132700920105,0.5958315134048462,0.36849430203437805,0.4916486442089081,0.36203303933143616,0.6308879852294922,0.42451581358909607,0.42805129289627075,0.42532476782798767,0.7004103064537048,0.48831579089164734,0.33158692717552185,0.4945835471153259,0.570724606513977,0.4964233636856079,0.4303015172481537,0.4778856039047241,0.597947359085083,0.6158174276351929,0.4701555669307709,0.618427038192749,0.5898883938789368,0.7459492683410645,0.4680819511413574,0.7591630816459656,0.578909695148468,0.8735504746437073,0.43524807691574097,0.8942742943763733
34,0.5483886003494263,0.3847599923610687,0.5717279314994812,0.373567134141922,0.5305728912353516,0.37008655071258545,0.5961601734161377,0.36854735016822815,0.49180981516838074,0.36202889680862427,0.6309124827384949,0.4247881770133972,0.42830726504325867,0.4253006875514984,0.6995132565498352,0.48859700560569763,0.3326912820339203,0.49375930428504944,0.5689734220504761,0.49787747859954834,0.4310176372528076,0.47820374369621277,0.5974434018135071,0.6168252825737,0.4696059226989746,0.6193239092826843,0.5900169610977173,0.7467628121376038,0.467612624168396,0.7599726915359497,0.5788604617118835,0.8736777305603027,0.435243159532547,0.8943496942520142
35,0.5486578941345215,0.38484737277030945,0.5720490217208862,0.37361079454421997,0.5307424664497375,0.37022101879119873,0.596242368221283,0.3686162531375885,0.49160584807395935,0.3623143434524536,0.6310793161392212,0.4248404800891876,0.4281957745552063,0.4260169565677643,0.6995100975036621,0.48844587802886963,0.3347025513648987,0.4943254590034485,0.5694127678871155,0.498348593711853,0.4302677512168884,0.4791550040245056,0.5985811948776245,0.6179207563400269,0.47024044394493103,0.6207723021507263,0.590568482875824,0.7472145557403564,0.4658089578151703,0.7618079781532288,0.5790581107139587,0.8732177019119263,0.4354248642921448,0.8948280811309814
36,0.5486965775489807,0.38478901982307434,0.5721936821937561,0.373555451631546,0.5308408141136169,0.3701631724834442,0.5961685180664062,0.3684754967689514,0.4915725588798523,0.36219242215156555,0.6306451559066772,0.4245440661907196,0.42801302671432495,0.42622995376586914,0.6974738240242004,0.48903390765190125,0.33678996562957764,0.4957866966724396,0.5660783052444458,0.4979221522808075,0.4308934509754181,0.4795045256614685,0.5990058779716492,0.619983971118927,0.4703487157821655,0.6231158971786499,0.5902765393257141,0.7481721043586731,0.4647126793861389,0.7638475298881531,0.5786828994750977,0.8733753561973572,0.4362165033817291,0.8955947160720825
37,0.548994243144989,0.38480764627456665,0.572250247001648,0.37362056970596313,0.5309924483299255,0.3702090084552765,0.5959587693214417,0.36855101585388184,0.49175018072128296,0.3622846305370331,0.630460798740387,0.4245908856391907,0.42896363139152527,0.42613041400909424,0.697483479976654,0.4885419011116028,0.3383196294307709,0.49568498134613037,0.5686331987380981,0.498435378074646,0.43230482935905457,0.4799289405345917,0.5986186861991882,0.6182599067687988,0.47088250517845154,0.6211530566215515,0.5910183191299438,0.7475245594978333,0.46685418486595154,0.7618535757064819,0.5772287845611572,0.8732022047042847,0.4360502362251282,0.8950413465499878
38,0.5491562485694885,0.384929358959198,0.5725211501121521,0.37367111444473267,0.5311504006385803,0.37025320529937744,0.59614497423172,0.368404358625412,0.49166226387023926,0.3621295988559723,0.6302852034568787,0.4240973889827728,0.428665429353714,0.42611899971961975,0.6962488889694214,0.4884747862815857,0.3398194909095764,0.4965680241584778,0.5677332282066345,0.49891969561576843,0.4337625205516815,0.48057129979133606,0.5986849069595337,0.6183893084526062,0.47056907415390015,0.6215828061103821,0.5910219550132751,0.7477217316627502,0.465317040681839,0.7630694508552551,0.5774112939834595,0.8724920153617859,0.4359944462776184,0.8955627679824829
39,0.5496075749397278,0.3850608468055725,0.5728384256362915,0.37378087639808655,0.5313200950622559,0.37042614817619324,0.5963520407676697,0.36836084723472595,0.4916224777698517,0.36229339241981506,0.630668580532074,0.42400115728378296,0.4299945831298828,0.42624998092651367,0.6947703957557678,0.4884736239910126,0.3424522280693054,0.49696218967437744,0.5656871795654297,0.5002052783966064,0.43702566623687744,0.4804539084434509,0.6014483571052551,0.620360255241394,0.473548948764801,0.6234187483787537,0.5913847088813782,0.7494181990623474,0.46623459458351135,0.763400137424469,0.5786278247833252,0.8731558918952942,0.4363038241863251,0.895363450050354
40,0.5497906804084778,0.38485729694366455,0.5728076100349426,0.37355107069015503,0.5314251780509949,0.37033921480178833,0.5962738394737244,0.3681298792362213,0.4917977750301361,0.3623920679092407,0.6307499408721924,0.42411261796951294,0.4302035868167877,0.42615026235580444,0.6924378275871277,0.48934799432754517,0.34447580575942993,0.49717944860458374,0.5632596015930176,0.50075763463974,0.4382476210594177,0.4810507595539093,0.6005199551582336,0.6202659010887146,0.4722723364830017,0.6230717897415161,0.5922145247459412,0.7495359182357788,0.46543848514556885,0.7625499367713928,0.5783077478408813,0.8730748891830444,0.4367545247077942,0.894020140171051
41,0.5498956441879272,0.38485318422317505,0.5729061961174011,0.37353599071502686,0.5315057635307312,0.37029263377189636,0.5960841178894043,0.36808085441589355,0.49168699979782104,0.3622693717479706,0.6299439072608948,0.42397570610046387,0.430637001991272,0.4262584149837494,0.6910252571105957,0.49034222960472107,0.3467482626438141,0.4987280070781708,0.565094530582428,0.501695454120636,0.4387264549732208,0.4814082086086273,0.6008915305137634,0.6199038624763489,0.4733545780181885,0.6228166222572327,0.5923422574996948,0.7492204308509827,0.46565261483192444,0.7623012065887451,0.5779517889022827,0.8726696372032166,0.43753165006637573,0.8940222859382629
42,0.549949586391449,0.38465213775634766,0.5729163289070129,0.37336379289627075,0.5314521789550781,0.37001124024391174,0.5959500074386597,0.36799249053001404,0.4917047619819641,0.361998587846756,0.6302451491355896,0.42420893907546997,0.431179404258728,0.4260091483592987,0.6896988153457642,0.4919908046722412,0.34852632880210876,0.49965935945510864,0.5621223449707031,0.5023791790008545,0.439065158367157,0.4812938868999481,0.6011744737625122,0.6194478869438171,0.4735294580459595,0.6219226121902466,0.5927562713623047,0.7509950399398804,0.46511590480804443,0.7626633644104004,0.5781617164611816,0.8737563490867615,0.43749913573265076,0.8948648571968079
43,0.5496858954429626,0.3846185803413391,0.5728824138641357,0.3733271658420563,0.5314801931381226,0.36999520659446716,0.5962098240852356,0.3679988980293274,0.49179133772850037,0.3619307279586792,0.629692018032074,0.4237965941429138,0.4308399558067322,0.42618080973625183,0.6896299719810486,0.49169427156448364,0.3498564064502716,0.49998265504837036,0.5643299221992493,0.5029940605163574,0.44077664613723755,0.481109082698822,0.6012961268424988,0.6189123392105103,0.47356510162353516,0.621875524520874,0.5937559008598328,0.7490899562835693,0.4647088646888733,0.762431800365448,0.5788263082504272,0.8733972311019897,0.43749552965164185,0.8945921659469604
44,0.5494346022605896,0.38465210795402527,0.572339653968811,0.3732941746711731,0.5312225222587585,0.3701015114784241,0.5958172082901001,0.36777809262275696,0.4920593798160553,0.36210930347442627,0.6299625039100647,0.4234941005706787,0.4319279193878174,0.4261111915111542,0.6900078654289246,0.4920426607131958,0.35132449865341187,0.5004756450653076,0.5645241141319275,0.5036576390266418,0.4419887959957123,0.48097530007362366,0.6000069975852966,0.6184491515159607,0.4728562533855438,0.6213839650154114,0.5928492546081543,0.7486860752105713,0.4651951193809509,0.761906087398529,0.5781545639038086,0.8732655048370361,0.4370350241661072,0.8954626321792603
45,0.5496630668640137,0.38456404209136963,0.5725266933441162,0.37323692440986633,0.531293511390686,0.36998000741004944,0.5956466794013977,0.3679385781288147,0.49179691076278687,0.36215606331825256,0.6304218173027039,0.42373716831207275,0.43154609203338623,0.42632797360420227,0.6900144815444946,0.49198657274246216,0.352683424949646,0.5008566379547119,0.5655685067176819,0.5036063194274902,0.4428762197494507,0.4808075726032257,0.600933849811554,0.617488443851471,0.4731130003929138,0.6202444434165955,0.5936503410339355,0.7499099969863892,0.46401548385620117,0.7621272206306458,0.5780981183052063,0.8737748861312866,0.4376332461833954,0.8958660364151001
46,0.5494800806045532,0.3846307098865509,0.5722981691360474,0.37319907546043396,0.5309999585151672,0.37007105350494385,0.5955455303192139,0.3677520453929901,0.4914925992488861,0.3622586131095886,0.6305174827575684,0.42380020022392273,0.4314889907836914,0.42650747299194336,0.6908130049705505,0.4927580654621124,0.35231009125709534,0.5014264583587646,0.5655636787414551,0.503830075263977,0.4423912763595581,0.48086556792259216,0.6007091999053955,0.6182008981704712,0.4728317856788635,0.6209409832954407,0.5936877727508545,0.7507573962211609,0.4644569456577301,0.7627649903297424,0.5786546468734741,0.8742907643318176,0.43786442279815674,0.8954958319664001
47,0.5494378805160522,0.38480475544929504,0.5721848607063293,0.373285174369812,0.530738890171051,0.3701886236667633,0.5956579446792603,0.3676859140396118,0.4913223683834076,0.3622816503047943,0.6311736106872559,0.4236372709274292,0.43253421783447266,0.4263332486152649,0.6917256712913513,0.49262306094169617,0.3524828553199768,0.501026451587677,0.5695170164108276,0.5045493245124817,0.44389358162879944,0.48114943504333496,0.6030492782592773,0.6161118745803833,0.4757688045501709,0.6189824342727661,0.5943180918693542,0.7485284805297852,0.46591898798942566,0.7611827254295349,0.5775606036186218,0.8729888200759888,0.43723323941230774,0.8956604599952698
48,0.5493941307067871,0.3849564790725708,0.5721952319145203,0.3733856976032257,0.5306761860847473,0.37037062644958496,0.5955982208251953,0.36780691146850586,0.4910268187522888,0.36252009868621826,0.6303368210792542,0.4239107370376587,0.43168312311172485,0.42688819766044617,0.6919306516647339,0.49275439977645874,0.3524002134799957,0.5013241171836853,0.573047399520874,0.5055856704711914,0.4457205832004547,0.4811673164367676,0.6018235087394714,0.6175612211227417,0.4746076762676239,0.6207364201545715,0.5938082933425903,0.7492752075195312,0.4661048948764801,0.7626867294311523,0.5769966840744019,0.8734437823295593,0.4378811717033386,0.8958942890167236
49,0.5494344830513,0.3849450647830963,0.5721904039382935,0.3734082877635956,0.5307437181472778,0.3703644871711731,0.5954830050468445,0.3677899241447449,0.49102380871772766,0.36240339279174805,0.6307176351547241,0.4240196943283081,0.4309765100479126,0.4265839755535126,0.6912105679512024,0.4935952126979828,0.352059006690979,0.5014093518257141,0.5711694359779358,0.5061070322990417,0.44747623801231384,0.4818366765975952,0.6022301316261292,0.6176924109458923,0.4742138385772705,0.620683491230011,0.5940631031990051,0.7495540976524353,0.46500396728515625,0.7624446153640747,0.5769098401069641,0.8741760849952698,0.4385189414024353,0.8961544632911682
50,0.5495114922523499,0.38507208228111267,0.5721026062965393,0.37343350052833557,0.5307855010032654,0.3705699145793915,0.595412015914917,0.3676869571208954,0.4911383092403412,0.3626881539821625,0.6310703158378601,0.42447423934936523,0.43100830912590027,0.42691147327423096,0.6909928917884827,0.4947340190410614,0.3522663712501526,0.5013936161994934,0.5709304809570312,0.5072198510169983,0.4476354718208313,0.48278743028640747,0.6019922494888306,0.6194039583206177,0.47361618280410767,0.6223548650741577,0.5932900309562683,0.7518334984779358,0.4629434645175934,0.7649746537208557,0.5778304934501648,0.8744469285011292,0.4390757977962494,0.8961622714996338
51,0.5498656630516052,0.3850771486759186,0.5725244879722595,0.37344884872436523,0.5310724377632141,0.3705298602581024,0.5960755348205566,0.36772945523262024,0.49143823981285095,0.36255812644958496,0.6308442950248718,0.4248184561729431,0.43179982900619507,0.4265768826007843,0.6906893849372864,0.4963669180870056,0.35274752974510193,0.5019770860671997,0.5747137665748596,0.5082637071609497,0.4488201439380646,0.4835301637649536,0.6019041538238525,0.6204085350036621,0.47409960627555847,0.6230634450912476,0.5927484631538391,0.7530515193939209,0.4638720452785492,0.7653821110725403,0.5784754753112793,0.8746399283409119,0.43821197748184204,0.8956247568130493
52,0.5504878759384155,0.38486114144325256,0.5732414722442627,0.37331900000572205,0.5317336320877075,0.3703114986419678,0.5966249704360962,0.3678719401359558,0.49189135432243347,0.36242905259132385,0.6302569508552551,0.42508482933044434,0.4320519268512726,0.4266154170036316,0.6896075010299683,0.4975765347480774,0.3532223701477051,0.5026128888130188,0.5737355947494507,0.5096146464347839,0.45009952783584595,0.48444226384162903,0.6017860770225525,0.6195473074913025,0.47451189160346985,0.6223873496055603,0.5934128761291504,0.750720739364624,0.4655337929725647,0.7643531560897827,0.5776389837265015,0.8736353516578674,0.43693807721138,0.8959289789199829
53,0.5507125854492188,0.3849622905254364,0.5733140110969543,0.3735150396823883,0.5321223139762878,0.3703497648239136,0.5966238379478455,0.3682034909725189,0.4925130009651184,0.36235788464546204,0.6306232213973999,0.4262118935585022,0.432543009519577,0.42648330330848694,0.688771665096283,0.49806052446365356,0.3537357449531555,0.5013288855552673,0.5745058059692383,0.5099123120307922,0.4534819722175598,0.4856420159339905,0.6026602387428284,0.6208937764167786,0.4754713177680969,0.6231630444526672,0.593999445438385,0.7521141171455383,0.46524691581726074,0.7643232345581055,0.5767096281051636,0.8740710020065308,0.43696728348731995,0.8958269357681274
54,0.5520628690719604,0.3847770392894745,0.5747480392456055,0.37324658036231995,0.5333558917045593,0.37003093957901,0.597474992275238,0.3681100308895111,0.493005633354187,0.3620660901069641,0.6306753754615784,0.4267169237136841,0.43189704418182373,0.4267241656780243,0.6894434094429016,0.49899110198020935,0.35422882437705994,0.502002477645874,0.576300859451294,0.5103110074996948,0.45678117871284485,0.48752108216285706,0.6026298999786377,0.6212521195411682,0.47496044635772705,0.6236239671707153,0.5954009890556335,0.7508217096328735,0.46482667326927185,0.7637605667114258,0.5775314569473267,0.8732348680496216,0.4370492696762085,0.8953155875205994
55,0.5541157722473145,0.3846266269683838,0.5763885378837585,0.37308287620544434,0.5350723266601562,0.3698727786540985,0.5979666113853455,0.36814260482788086,0.49404314160346985,0.3621427118778229,0.6314098834991455,0.4276607632637024,0.4327167570590973,0.42681512236595154,0.6894695162773132,0.49993592500686646,0.3556489050388336,0.5016288161277771,0.5773313045501709,0.5105494856834412,0.45855703949928284,0.4892936050891876,0.6029667854309082,0.6217740774154663,0.47540512681007385,0.6236875057220459,0.5956991314888,0.751854419708252,0.4651847779750824,0.763697624206543,0.5764755606651306,0.8734018802642822,0.4373243451118469,0.8954172730445862
56,0.5572969317436218,0.38404011726379395,0.5788568258285522,0.3724198043346405,0.5376545190811157,0.3694764971733093,0.5984306931495667,0.3676576316356659,0.49514809250831604,0.36230024695396423,0.631950318813324,0.4279174506664276,0.432931512594223,0.4269062280654907,0.6894776821136475,0.501024067401886,0.35673242807388306,0.502206563949585,0.5757160186767578,0.5111403465270996,0.4606280028820038,0.49141570925712585,0.6029508709907532,0.6226372122764587,0.47507911920547485,0.6242480278015137,0.5945860147476196,0.7526469826698303,0.4650421142578125,0.7631397843360901,0.5765495896339417,0.8752173781394958,0.4378623068332672,0.895681619644165
57,0.55989670753479,0.3840511441230774,0.5813320279121399,0.37245509028434753,0.5397623777389526,0.3695632517337799,0.5993413329124451,0.36776989698410034,0.49550747871398926,0.3625829517841339,0.6318628191947937,0.42779305577278137,0.43242305517196655,0.427170068025589,0.6888946294784546,0.5016787052154541,0.35895973443984985,0.5038265585899353,0.5749688148498535,0.5113717317581177,0.4578258991241455,0.49494317173957825,0.6033520698547363,0.6227868795394897,0.47482243180274963,0.6245419979095459,0.5949451327323914,0.7530145645141602,0.4643840491771698,0.7642192244529724,0.5762571692466736,0.8757431507110596,0.4384901821613312,0.896072268486023
58,0.562349259853363,0.3840620517730713,0.5838751792907715,0.37265098094940186,0.5422545075416565,0.3695048987865448,0.600877046585083,0.36806172132492065,0.4967968761920929,0.3622860908508301,0.6315520405769348,0.4276803135871887,0.43222036957740784,0.42705127596855164,0.687863290309906,0.5022084712982178,0.36182311177253723,0.5058761835098267,0.574515163898468,0.5128932595252991,0.45919811725616455,0.49917688965797424,0.6025208830833435,0.6234956979751587,0.4737328886985779,0.6253122091293335,0.5953401923179626,0.753046989440918,0.4644194543361664,0.7647135853767395,0.575337290763855,0.8753538727760315,0.4380733370780945,0.8966324329376221
59,0.5649166107177734,0.38405123353004456,0.5865243077278137,0.37264958024024963,0.5446442365646362,0.36917755007743835,0.6026821732521057,0.36832234263420105,0.4980306923389435,0.3617939054965973,0.6322705149650574,0.4289933443069458,0.43279772996902466,0.4266444444656372,0.6861585974693298,0.5029868483543396,0.3649609684944153,0.5050121545791626,0.5730064511299133,0.5154831409454346,0.4598735272884369,0.5079798102378845,0.6023528575897217,0.6238996386528015,0.4733131229877472,0.6249334216117859,0.5960797071456909,0.7544664144515991,0.4630271792411804,0.7652541995048523,0.5745050311088562,0.8751181364059448,0.43848180770874023,0.8965639472007751
60,0.5677888989448547,0.383716344833374,0.5887124538421631,0.3722805976867676,0.5477012395858765,0.36896827816963196,0.0,0.0,0.49972036480903625,0.36203432083129883,0.6320209503173828,0.4304547905921936,0.4338042438030243,0.4270364046096802,0.6853320002555847,0.5039887428283691,0.36588355898857117,0.5044017434120178,0.5733128190040588,0.5140723586082458,0.4629577696323395,0.5159690976142883,0.6053286790847778,0.6203587055206299,0.477599173784256,0.621347963809967,0.5964818000793457,0.7490320205688477,0.4635232985019684,0.7616636753082275,0.5739591717720032,0.8739454746246338,0.43895307183265686,0.8948289752006531
61,0.5712531208992004,0.3838604986667633,0.5914507508277893,0.3724958896636963,0.5507574081420898,0.3693501353263855,0.0,0.0,0.5006070733070374,0.3632338345050812,0.6317141056060791,0.4317547678947449,0.43265318870544434,0.4283994138240814,0.6841788291931152,0.5041692852973938,0.36708542704582214,0.5056707262992859,0.5745382308959961,0.514075756072998,0.4636004865169525,0.5212897658348083,0.6037089824676514,0.6208536028862,0.4751611649990082,0.6219579577445984,0.5962986350059509,0.7497168183326721,0.46221402287483215,0.7628349661827087,0.5734307765960693,0.8736220002174377,0.43895331025123596,0.8947803974151611
62,0.5739625692367554,0.3833499550819397,0.5937169194221497,0.37220093607902527,0.5539215207099915,0.3688327968120575,0.0,0.0,0.503273606300354,0.3629949688911438,0.6316801309585571,0.43343889713287354,0.43444788455963135,0.42870455980300903,0.6842597126960754,0.5041670799255371,0.3693895637989044,0.5047986507415771,0.5753796696662903,0.5139030814170837,0.4697902202606201,0.5302208065986633,0.6051917672157288,0.6228921413421631,0.4778701066970825,0.6236340403556824,0.5961684584617615,0.750592827796936,0.46296319365501404,0.7642421126365662,0.5740171074867249,0.8741346597671509,0.43892592191696167,0.8948332071304321
63,0.576683521270752,0.38290002942085266,0.5957786440849304,0.37179693579673767,0.5566589832305908,0.3685101270675659,0.0,0.0,0.5049917697906494,0.3629074990749359,0.6316900253295898,0.43391603231430054,0.43513888120651245,0.4285382628440857,0.6838889718055725,0.5044286847114563,0.37073951959609985,0.5045483112335205,0.5771344304084778,0.5135525465011597,0.4700257182121277,0.5379420518875122,0.6043948531150818,0.6231167912483215,0.47742947936058044,0.6238119006156921,0.596280038356781,0.7496001124382019,0.46229442954063416,0.7646234035491943,0.5733036398887634,0.8739916086196899,0.43846288323402405,0.8950007557868958
64,0.5796680450439453,0.38270464539527893,0.597734808921814,0.37160658836364746,0.5596804022789001,0.36838242411613464,0.0,0.0,0.5068895816802979,0.36260879039764404,0.6314515471458435,0.4334760904312134,0.4360767900943756,0.42818138003349304,0.6842595338821411,0.5046496391296387,0.37195155024528503,0.5062587857246399,0.58048015832901,0.5130046606063843,0.47390449047088623,0.5416867733001709,0.60445237159729,0.6224454641342163,0.47835224866867065,0.6231222748756409,0.5963576436042786,0.7494872808456421,0.4628913700580597,0.7638960480690002,0.5737873315811157,0.8745726346969604,0.43883147835731506,0.8948509693145752
65,0.5831998586654663,0.38264358043670654,0.6005374789237976,0.3713873028755188,0.5628504157066345,0.368315190076828,0.0,0.0,0.5082977414131165,0.3626748323440552,0.632242739200592,0.4333955943584442,0.43617483973503113,0.42853739857673645,0.6844341158866882,0.5053054690361023,0.3736027181148529,0.5077077150344849,0.5788715481758118,0.5133164525032043,0.4776722490787506,0.5437386631965637,0.6031880378723145,0.6233669519424438,0.4764603078365326,0.6242892742156982,0.5951239466667175,0.7510963678359985,0.46115460991859436,0.7664552330970764,0.573430597782135,0.8745012879371643,0.43855923414230347,0.8961489200592041
66,0.5860303044319153,0.3823516070842743,0.602807879447937,0.37105947732925415,0.5656773447990417,0.3680647909641266,0.0,0.0,0.5102224349975586,0.36268502473831177,0.6324574947357178,0.43388113379478455,0.4370446503162384,0.42882686853408813,0.6839541792869568,0.5061514973640442,0.37636616826057434,0.5087182521820068,0.5805656313896179,0.5128276944160461,0.4828742742538452,0.5457803606987,0.6021037101745605,0.6240339875221252,0.47567737102508545,0.6248883008956909,0.5945448875427246,0.7515413761138916,0.4610807001590729,0.766769528388977,0.5729976892471313,0.8747504353523254,0.4394698441028595,0.8958622217178345
67,0.5886586904525757,0.38229992985725403,0.6045892834663391,0.371205598115921,0.5684847235679626,0.3680904507637024,0.0,0.0,0.511569619178772,0.3625922203063965,0.6320993304252625,0.4340752363204956,0.43733546137809753,0.42838460206985474,0.6845090389251709,0.5066435933113098,0.378866970539093,0.508429229259491,0.5825892090797424,0.5120915770530701,0.48756012320518494,0.5472104549407959,0.6028428673744202,0.6245924830436707,0.47663167119026184,0.6253000497817993,0.5950512290000916,0.7520080208778381,0.4620111584663391,0.7672790288925171,0.5726937651634216,0.875080406665802,0.43967190384864807,0.895754873752594
68,0.5922398567199707,0.3820986747741699,0.6071768403053284,0.3712649941444397,0.5725445747375488,0.36798956990242004,0.0,0.0,0.5139699578285217,0.3626105487346649,0.6317142844200134,0.4346539378166199,0.437735915184021,0.4287128746509552,0.6852535605430603,0.5072638988494873,0.38205838203430176,0.5092267394065857,0.5890839099884033,0.5116665363311768,0.49681147933006287,0.5494052171707153,0.604988157749176,0.6241627335548401,0.4792247414588928,0.6250974535942078,0.5950536131858826,0.750825047492981,0.4614604711532593,0.767240047454834,0.5718041658401489,0.8747074604034424,0.44029921293258667,0.8952769041061401
69,0.594863772392273,0.38216954469680786,0.6098395586013794,0.37131839990615845,0.5754245519638062,0.36776480078697205,0.0,0.0,0.5162410140037537,0.36189356446266174,0.6317817568778992,0.4352233111858368,0.4380565881729126,0.4281121492385864,0.68543541431427,0.5078830718994141,0.38454997539520264,0.5087594389915466,0.5903270244598389,0.510961651802063,0.5048165917396545,0.5512020587921143,0.6021482348442078,0.6273629665374756,0.4760834872722626,0.627862811088562,0.594741702079773,0.7519710659980774,0.45942360162734985,0.7678168416023254,0.572266161441803,0.8755296468734741,0.438813179731369,0.895182192325592
70,0.5990788340568542,0.3817475736141205,0.6130576133728027,0.37136170268058777,0.580440104007721,0.3673577904701233,0.0,0.0,0.520378053188324,0.3614838719367981,0.6319602727890015,0.4362184703350067,0.43979617953300476,0.4278603494167328,0.6866607666015625,0.5089113712310791,0.3872247338294983,0.5087379813194275,0.5951476097106934,0.5106428265571594,0.5096915364265442,0.5531966090202332,0.6026506423950195,0.6280190944671631,0.477521151304245,0.6281998753547668,0.5955684185028076,0.7525457143783569,0.4601026773452759,0.7683947086334229,0.5724016427993774,0.875007688999176,0.4392075538635254,0.8955049514770508
71,0.6036570072174072,0.38188883662223816,0.6164132356643677,0.3717900812625885,0.5857492685317993,0.3674975633621216,0.0,0.0,0.523671567440033,0.3612786531448364,0.6308717727661133,0.43668320775032043,0.44054660201072693,0.4278704822063446,0.6864379644393921,0.5101736187934875,0.38995876908302307,0.5105071067810059,0.5947626233100891,0.5100523233413696,0.5150570869445801,0.5573439598083496,0.6028294563293457,0.6282067894935608,0.4787764847278595,0.6283218264579773,0.5952638983726501,0.7530481219291687,0.46012449264526367,0.7691319584846497,0.5720267295837402,0.8758984208106995,0.43950873613357544,0.8949993848800659
72,0.6086685657501221,0.38142964243888855,0.6199045181274414,0.3716042935848236,0.5913598537445068,0.3672076165676117,0.0,0.0,0.52750164270401,0.36092591285705566,0.6301298141479492,0.43638795614242554,0.4416468143463135,0.42745184898376465,0.687396764755249,0.5115952491760254,0.39241042733192444,0.512051522731781,0.6008299589157104,0.5103652477264404,0.5162383317947388,0.5596618056297302,0.6011115312576294,0.6273725628852844,0.4781011939048767,0.6275891065597534,0.5956672430038452,0.7514596581459045,0.4598618745803833,0.7682844996452332,0.5705968737602234,0.8757604360580444,0.43872299790382385,0.8945260643959045
73,0.614179253578186,0.38100066781044006,0.6236907839775085,0.3719002306461334,0.5980052947998047,0.3670029640197754,0.0,0.0,0.532190203666687,0.3608928620815277,0.6295090317726135,0.43686214089393616,0.4420650005340576,0.427202045917511,0.6882932782173157,0.5123329162597656,0.3947932720184326,0.5129557847976685,0.6028960943222046,0.510071873664856,0.5194262266159058,0.5617339015007019,0.6014283895492554,0.6271758675575256,0.47873392701148987,0.6271535754203796,0.5959789752960205,0.752059280872345,0.45946213603019714,0.7685022354125977,0.5706810355186462,0.876594066619873,0.4389035403728485,0.895056426525116
74,0.6183578968048096,0.38107243180274963,0.6274423003196716,0.3723369836807251,0.6027427315711975,0.3670903742313385,0.0,0.0,0.5359145402908325,0.36087390780448914,0.6300501823425293,0.4371776282787323,0.4435776472091675,0.42666342854499817,0.6885625123977661,0.5134842991828918,0.3972361087799072,0.5129516124725342,0.6084997057914734,0.5104337334632874,0.5190553069114685,0.5627387166023254,0.60164874792099,0.6270012855529785,0.4793027937412262,0.6267868876457214,0.5956969857215881,0.7512064576148987,0.4590452313423157,0.7681956887245178,0.5697277784347534,0.8759447336196899,0.43893879652023315,0.8946924805641174
75,0.6207178235054016,0.3814614415168762,0.6297804117202759,0.3729616403579712,0.6057349443435669,0.36739689111709595,0.0,0.0,0.5384314656257629,0.3603852391242981,0.6291869878768921,0.4367189109325409,0.4446403384208679,0.4258996248245239,0.6878219246864319,0.5135511159896851,0.3986983001232147,0.5132323503494263,0.6147387623786926,0.510823130607605,0.5186089277267456,0.5629607439041138,0.6029776334762573,0.6283947229385376,0.48156896233558655,0.6281943321228027,0.5957542061805725,0.7526492476463318,0.4586316645145416,0.7698419690132141,0.5700843930244446,0.87755286693573,0.43857699632644653,0.894912600517273
76,0.6244223117828369,0.3813176453113556,0.6329646706581116,0.37302178144454956,0.6096082329750061,0.36741378903388977,0.0,0.0,0.5419808626174927,0.3608928620815277,0.6301926374435425,0.43777939677238464,0.4466194212436676,0.4257557988166809,0.6864527463912964,0.5158705711364746,0.4001186192035675,0.5130683779716492,0.6187746524810791,0.5099515914916992,0.5203160047531128,0.5636276006698608,0.6020994782447815,0.6296071410179138,0.4808511734008789,0.6291717290878296,0.5952630043029785,0.7534320950508118,0.4590565264225006,0.7712917923927307,0.5701134204864502,0.8771880269050598,0.43882930278778076,0.8955131769180298
77,0.6269240975379944,0.3823414742946625,0.6352164149284363,0.3743470013141632,0.6128921508789062,0.3683943748474121,0.0,0.0,0.5454175472259521,0.3613022565841675,0.629016637802124,0.4389130771160126,0.4484068751335144,0.42498666048049927,0.6846201419830322,0.5186204314231873,0.40135660767555237,0.5129052400588989,0.627294659614563,0.5087577104568481,0.5208643078804016,0.56328284740448,0.6007993221282959,0.6297643184661865,0.4812486469745636,0.6287281513214111,0.5950332880020142,0.753913402557373,0.45906296372413635,0.7710221409797668,0.5709003210067749,0.8777298331260681,0.43928396701812744,0.894856333732605
78,0.6311759352684021,0.38252678513526917,0.6385303139686584,0.3743929862976074,0.6170618534088135,0.3686009347438812,0.0,0.0,0.5484983921051025,0.36142411828041077,0.62836754322052,0.4395587146282196,0.452334463596344,0.4247283339500427,0.6816929578781128,0.5201718807220459,0.4034750163555145,0.5117497444152832,0.6386983394622803,0.5102429986000061,0.5231583714485168,0.563171923160553,0.6014931797981262,0.6265943050384521,0.48513537645339966,0.6255298852920532,0.5973582863807678,0.7509739398956299,0.4624025821685791,0.7680985331535339,0.5703058242797852,0.8773661255836487,0.43891555070877075,0.8933744430541992
79,0.6348506212234497,0.3825003504753113,0.6421370506286621,0.3745104968547821,0.6212626695632935,0.36849716305732727,0.0,0.0,0.5528427362442017,0.3609776496887207,0.6286541223526001,0.43918853998184204,0.45521771907806396,0.4243496060371399,0.680712878704071,0.5180505514144897,0.40470099449157715,0.5106256604194641,0.6451807022094727,0.5105122923851013,0.5254283547401428,0.5633490085601807,0.6013259887695312,0.6262034773826599,0.4866684377193451,0.6253858208656311,0.5978906750679016,0.7506027817726135,0.4632209837436676,0.7685308456420898,0.5704001784324646,0.8767332434654236,0.4382176697254181,0.8940092921257019
80,0.6390053033828735,0.3822554051876068,0.6462470889091492,0.3740434944629669,0.6248787045478821,0.3682842552661896,0.0,0.0,0.5563756227493286,0.360971599817276,0.6291864514350891,0.43892183899879456,0.45922282338142395,0.4237382411956787,0.6721060276031494,0.5185794830322266,0.40733635425567627,0.5096818208694458,0.6545126438140869,0.5129296779632568,0.5271403789520264,0.5632288455963135,0.6015481352806091,0.6272797584533691,0.48820993304252625,0.6265650987625122,0.5990840196609497,0.7515020966529846,0.46275854110717773,0.7691444754600525,0.5719823241233826,0.876912534236908,0.4397212564945221,0.8943067193031311
81,0.6414807438850403,0.3827381432056427,0.649370551109314,0.37425073981285095,0.6266436576843262,0.3687163293361664,0.0,0.0,0.5594198703765869,0.36114582419395447,0.6289434432983398,0.437759131193161,0.46383944153785706,0.4237305819988251,0.6622015237808228,0.514772891998291,0.4078173041343689,0.50860595703125,0.6702831983566284,0.5195266008377075,0.5283043384552002,0.5619827508926392,0.6006426215171814,0.6272817254066467,0.4900938868522644,0.626874566078186,0.6000380516052246,0.7545343637466431,0.46238502860069275,0.7695069313049316,0.570466160774231,0.877936601638794,0.4386921226978302,0.8946612477302551
82,0.6454973816871643,0.382526695728302,0.6524456143379211,0.3743706941604614,0.6313371062278748,0.36881381273269653,0.0,0.0,0.5643370747566223,0.3617796003818512,0.630316972732544,0.43950819969177246,0.4681292176246643,0.4239082634449005,0.6600974202156067,0.5208008289337158,0.4119319021701813,0.5087096691131592,0.6696915626525879,0.5247921347618103,0.5318182110786438,0.5613512992858887,0.6027771234512329,0.6259449124336243,0.49367228150367737,0.6252306699752808,0.6021155714988708,0.7528625130653381,0.46442678570747375,0.7689948081970215,0.5699895620346069,0.8773512244224548,0.43720558285713196,0.8953184485435486
83,0.6490762829780579,0.38206377625465393,0.6559188365936279,0.37424489855766296,0.6350415349006653,0.368510365486145,0.0,0.0,0.5681597590446472,0.3618759214878082,0.6266464591026306,0.4391797184944153,0.47169890999794006,0.4237481355667114,0.6435949206352234,0.5187690258026123,0.41393306851387024,0.5086715221405029,0.67544025182724,0.5264943838119507,0.5342773795127869,0.561650812625885,0.6012881994247437,0.6254373788833618,0.4959205687046051,0.625008225440979,0.6023011803627014,0.7540081143379211,0.4651246666908264,0.7690380215644836,0.5676651000976562,0.8780132532119751,0.4371299743652344,0.8960054516792297
84,0.6526503562927246,0.3820660412311554,0.6589856147766113,0.3746107816696167,0.6388804316520691,0.3686251640319824,0.0,0.0,0.5720369219779968,0.3621693551540375,0.6293789148330688,0.43897297978401184,0.47465428709983826,0.4235852360725403,0.6449301838874817,0.5177446603775024,0.4189741313457489,0.5089306831359863,0.6776555776596069,0.5282840728759766,0.540054202079773,0.5625182390213013,0.6031671762466431,0.6258721947669983,0.4973335564136505,0.6250723600387573,0.6031414866447449,0.7550302743911743,0.46536123752593994,0.7681790590286255,0.5678747296333313,0.8773304224014282,0.4368991255760193,0.8954054117202759
85,0.6570032238960266,0.38151121139526367,0.6636888384819031,0.3740057647228241,0.6429798007011414,0.3682595491409302,0.0,0.0,0.5755797028541565,0.3617296814918518,0.6317835450172424,0.4363831877708435,0.4774521291255951,0.42314788699150085,0.6446338891983032,0.5146663188934326,0.42411693930625916,0.5078636407852173,0.6880623698234558,0.5393199920654297,0.5453296899795532,0.5612340569496155,0.6036054491996765,0.6239861249923706,0.49765849113464355,0.6240358948707581,0.6034969687461853,0.754030704498291,0.4648699164390564,0.7677046656608582,0.5668243765830994,0.8772900104522705,0.4373999536037445,0.8952174186706543
