,0,1,2,3,4,5,6,7,8,9,10,11,12,13,14,15,16,17,18,19,20,21,22,23,24,25,26,27,28,29,30,31,32,33
0,0.4541795253753662,0.4075927734375,0.48993706703186035,0.3428613841533661,0.4166873097419739,0.3451405465602875,0.5337380766868591,0.38383588194847107,0.3632722795009613,0.38898956775665283,0.645017147064209,0.7659424543380737,0.254170298576355,0.783161997795105,0.0,0.0,0.0,0.0,0.0,0.0,0.0,0.0,0.0,0.0,0.0,0.0,0.0,0.0,0.0,0.0,0.0,0.0,0.0,0.0
1,0.4548674523830414,0.4036875069141388,0.4912790358066559,0.3397389352321625,0.4182497560977936,0.34064963459968567,0.5344955921173096,0.3839286267757416,0.3651966452598572,0.3857423663139343,0.6447426080703735,0.7574365139007568,0.25260093808174133,0.7772634625434875,0.0,0.0,0.0,0.0,0.5959762930870056,0.9418421387672424,0.0,0.0,0.0,0.0,0.0,0.0,0.0,0.0,0.0,0.0,0.0,0.0,0.0,0.0
2,0.45702457427978516,0.3979821801185608,0.4931541979312897,0.33533909916877747,0.4201653003692627,0.3359779715538025,0.5347769856452942,0.3837583363056183,0.36575156450271606,0.38551342487335205,0.6418518424034119,0.7534652948379517,0.25261348485946655,0.7736473083496094,0.0,0.0,0.0,0.0,0.5979214906692505,0.9130736589431763,0.0,0.0,0.0,0.0,0.0,0.0,0.0,0.0,0.0,0.0,0.0,0.0,0.0,0.0
3,0.4581414759159088,0.3882351219654083,0.49358901381492615,0.32930275797843933,0.4197377562522888,0.32901298999786377,0.5348400473594666,0.3811336159706116,0.3654910624027252,0.3844389319419861,0.6397718191146851,0.7479097843170166,0.2585953176021576,0.7755201458930969,0.0,0.0,0.0,0.0,0.5971410274505615,0.8907936811447144,0.0,0.0,0.0,0.0,0.0,0.0,0.0,0.0,0.0,0.0,0.0,0.0,0.0,0.0
4,0.45783743262290955,0.37821272015571594,0.4937856197357178,0.32352158427238464,0.4199702739715576,0.32173365354537964,0.5350301861763,0.37807026505470276,0.36397117376327515,0.37752875685691833,0.6357329487800598,0.7482187151908875,0.26048731803894043,0.7767020463943481,0.0,0.0,0.0,0.0,0.5919355750083923,0.8587715029716492,0.0,0.0,0.0,0.0,0.0,0.0,0.0,0.0,0.0,0.0,0.0,0.0,0.0,0.0
5,0.4560249447822571,0.3711773753166199,0.49220705032348633,0.3174397945404053,0.4184590280056,0.31656166911125183,0.5341625213623047,0.3752502501010895,0.3640139400959015,0.37656140327453613,0.6341581344604492,0.7410907745361328,0.2625848352909088,0.7749428153038025,0.0,0.0,0.0,0.0,0.5965354442596436,0.8568061590194702,0.0,0.0,0.0,0.0,0.0,0.0,0.0,0.0,0.0,0.0,0.0,0.0,0.0,0.0
6,0.4555220603942871,0.3679884970188141,0.4924733638763428,0.31318050622940063,0.41786012053489685,0.31189221143722534,0.5341747403144836,0.3755347728729248,0.36338093876838684,0.3763948380947113,0.6361261606216431,0.7369548082351685,0.2616802155971527,0.7733785510063171,0.0,0.0,0.0,0.0,0.5988790392875671,0.8314831852912903,0.0,0.0,0.0,0.0,0.0,0.0,0.0,0.0,0.0,0.0,0.0,0.0,0.0,0.0
7,0.45700398087501526,0.3623288571834564,0.4918503761291504,0.30634605884552,0.41678327322006226,0.3077654540538788,0.5332134366035461,0.37179699540138245,0.36040008068084717,0.37949860095977783,0.6358830332756042,0.7501698136329651,0.2575080990791321,0.7858911752700806,0.0,0.0,0.0,0.0,0.610349178314209,0.8273001313209534,0.0,0.0,0.0,0.0,0.0,0.0,0.0,0.0,0.0,0.0,0.0,0.0,0.0,0.0
8,0.4542962908744812,0.35716238617897034,0.4900748133659363,0.3009440004825592,0.4151010513305664,0.3031056523323059,0.5322822332382202,0.3714943826198578,0.36072999238967896,0.38066643476486206,0.6339038610458374,0.7391631007194519,0.25845739245414734,0.7786008715629578,0.0,0.0,0.0,0.0,0.6045364141464233,0.8030510544776917,0.0,0.0,0.0,0.0,0.0,0.0,0.0,0.0,0.0,0.0,0.0,0.0,0.0,0.0
9,0.45499977469444275,0.35398221015930176,0.4906793534755707,0.2991649806499481,0.4170352816581726,0.2988094389438629,0.5303271412849426,0.37062451243400574,0.3621089458465576,0.37469884753227234,0.6259637475013733,0.7292455434799194,0.2626531720161438,0.771183431148529,0.7947063446044922,0.97774338722229,0.0,0.0,0.598410964012146,0.784695029258728,0.0,0.0,0.0,0.0,0.0,0.0,0.0,0.0,0.0,0.0,0.0,0.0,0.0,0.0
10,0.4538908898830414,0.3494272232055664,0.4899330139160156,0.2959998548030853,0.41594991087913513,0.2960106432437897,0.529380202293396,0.3704255223274231,0.36081570386886597,0.37541159987449646,0.6215015649795532,0.7174780368804932,0.2637902796268463,0.7675821185112,0.7980407476425171,0.9747098684310913,0.0,0.0,0.6020939350128174,0.7632557153701782,0.0,0.0,0.0,0.0,0.0,0.0,0.0,0.0,0.0,0.0,0.0,0.0,0.0,0.0
11,0.45404624938964844,0.3429957628250122,0.48863664269447327,0.2917313575744629,0.41443005204200745,0.2944718301296234,0.5283162593841553,0.36927348375320435,0.3581874966621399,0.3809209167957306,0.6273171305656433,0.7193482518196106,0.2555077075958252,0.7733109593391418,0.794366180896759,0.9571133255958557,0.0,0.0,0.6097906231880188,0.7474520206451416,0.0,0.0,0.0,0.0,0.0,0.0,0.0,0.0,0.0,0.0,0.0,0.0,0.0,0.0
12,0.4533771872520447,0.34308603405952454,0.4888177812099457,0.2905854880809784,0.4133536219596863,0.2922905683517456,0.5285569429397583,0.36950480937957764,0.35642462968826294,0.3796042203903198,0.6287509202957153,0.7171275019645691,0.2553148865699768,0.7747220396995544,0.8011127710342407,0.9478253722190857,0.0,0.0,0.6085467338562012,0.7294955253601074,0.0,0.0,0.0,0.0,0.0,0.0,0.0,0.0,0.0,0.0,0.0,0.0,0.0,0.0
13,0.45293864607810974,0.33569833636283875,0.4882279932498932,0.287018746137619,0.41253766417503357,0.2900180518627167,0.527323842048645,0.3726235330104828,0.3555610179901123,0.3860865831375122,0.6211317181587219,0.7083718776702881,0.25949031114578247,0.7698679566383362,0.8032266497612,0.9507018327713013,0.0,0.0,0.613120436668396,0.7113132476806641,0.0,0.0,0.0,0.0,0.0,0.0,0.0,0.0,0.0,0.0,0.0,0.0,0.0,0.0
14,0.45218509435653687,0.3325485289096832,0.4877839684486389,0.2855340838432312,0.4118576645851135,0.28874945640563965,0.5272582769393921,0.37332215905189514,0.35470908880233765,0.38727867603302,0.6171871423721313,0.6983016729354858,0.2617033123970032,0.7650797367095947,0.807499885559082,0.9436352849006653,0.0,0.0,0.6128378510475159,0.6917862892150879,0.0,0.0,0.0,0.0,0.0,0.0,0.0,0.0,0.0,0.0,0.0,0.0,0.0,0.0
15,0.45364445447921753,0.3278409242630005,0.48851314187049866,0.28401386737823486,0.41288453340530396,0.28746750950813293,0.5256249308586121,0.3730042576789856,0.3522934913635254,0.38799887895584106,0.6086406707763672,0.6831832528114319,0.26401570439338684,0.7583479881286621,0.8059948682785034,0.9503301382064819,0.0,0.0,0.6183879971504211,0.6795100569725037,0.0,0.0,0.0,0.0,0.0,0.0,0.0,0.0,0.0,0.0,0.0,0.0,0.0,0.0
16,0.45434728264808655,0.3248305320739746,0.4874679446220398,0.2817830741405487,0.413985013961792,0.28605014085769653,0.5236154794692993,0.3718615770339966,0.35287827253341675,0.3871040344238281,0.6090739369392395,0.6876311898231506,0.26278677582740784,0.7584714293479919,0.8083454370498657,0.9498734474182129,0.0,0.0,0.6214895844459534,0.6557403802871704,0.0,0.0,0.0,0.0,0.0,0.0,0.0,0.0,0.0,0.0,0.0,0.0,0.0,0.0
17,0.45476585626602173,0.3186887800693512,0.48881426453590393,0.2786099314689636,0.4139307141304016,0.2815476357936859,0.5248915553092957,0.37221434712409973,0.35165196657180786,0.38634392619132996,0.6099957823753357,0.6874572038650513,0.2635672986507416,0.7560359239578247,0.8125953674316406,0.9491128325462341,0.0,0.0,0.6267027258872986,0.644382119178772,0.0,0.0,0.0,0.0,0.0,0.0,0.0,0.0,0.0,0.0,0.0,0.0,0.0,0.0
18,0.45708075165748596,0.3181488513946533,0.49082762002944946,0.280150443315506,0.4160034656524658,0.2811771035194397,0.5255608558654785,0.37010565400123596,0.3523060381412506,0.3814469277858734,0.613611102104187,0.6902035474777222,0.2669648230075836,0.7533601522445679,0.8238468170166016,0.9326061606407166,0.0,0.0,0.62334144115448,0.6280216574668884,0.0,0.0,0.0,0.0,0.0,0.0,0.0,0.0,0.0,0.0,0.0,0.0,0.0,0.0
19,0.45782995223999023,0.31495729088783264,0.48987308144569397,0.2763063311576843,0.41639548540115356,0.2784416377544403,0.5221471786499023,0.3625028729438782,0.35128292441368103,0.37703272700309753,0.6085416078567505,0.6839627623558044,0.2656896412372589,0.7532351016998291,0.8210732340812683,0.9185619354248047,0.0,0.0,0.6261360049247742,0.6049318909645081,0.0,0.0,0.0,0.0,0.0,0.0,0.0,0.0,0.0,0.0,0.0,0.0,0.0,0.0
20,0.4579373300075531,0.31501635909080505,0.49031639099121094,0.2743699550628662,0.4168863296508789,0.27574631571769714,0.5218465328216553,0.3545045554637909,0.35047608613967896,0.36736321449279785,0.6077914237976074,0.675919234752655,0.2649349868297577,0.7518653869628906,0.8236490488052368,0.8980737924575806,0.0,0.0,0.6206992864608765,0.581587016582489,0.0,0.0,0.0,0.0,0.0,0.0,0.0,0.0,0.0,0.0,0.0,0.0,0.0,0.0
21,0.45702043175697327,0.31171226501464844,0.48756033182144165,0.2745116651058197,0.4168128967285156,0.2750779092311859,0.5185208916664124,0.3519270420074463,0.35271310806274414,0.36367902159690857,0.6110621094703674,0.6822761297225952,0.2650779187679291,0.7552974820137024,0.8197025060653687,0.8729441165924072,0.0,0.0,0.6220170259475708,0.5654581189155579,0.0,0.0,0.0,0.0,0.0,0.0,0.0,0.0,0.0,0.0,0.0,0.0,0.0,0.0
22,0.4570804536342621,0.3088839650154114,0.48670142889022827,0.2705932855606079,0.41491442918777466,0.27060285210609436,0.5197697281837463,0.3556121289730072,0.35033780336380005,0.3669487535953522,0.6249793171882629,0.7025256752967834,0.2594359517097473,0.7681734561920166,0.8216243982315063,0.8470268249511719,0.0,0.0,0.6412075757980347,0.5418350696563721,0.0,0.0,0.0,0.0,0.0,0.0,0.0,0.0,0.0,0.0,0.0,0.0,0.0,0.0
23,0.4585186839103699,0.3040368854999542,0.49006351828575134,0.26923617720603943,0.41546088457107544,0.2697903513908386,0.5237728953361511,0.35654789209365845,0.3496916890144348,0.37005776166915894,0.6202629804611206,0.6941642761230469,0.2638528645038605,0.7701818943023682,0.8292890787124634,0.8427785634994507,0.0,0.0,0.6266909837722778,0.5192527770996094,0.0,0.0,0.0,0.0,0.0,0.0,0.0,0.0,0.0,0.0,0.0,0.0,0.0,0.0
24,0.45811930298805237,0.3003526031970978,0.4857766032218933,0.2618352770805359,0.41386181116104126,0.26683172583580017,0.518302321434021,0.3449203372001648,0.34783604741096497,0.36849454045295715,0.6258319616317749,0.6963639259338379,0.2608502507209778,0.772129237651825,0.8250380754470825,0.8317555785179138,0.0,0.0,0.6424795389175415,0.5079470872879028,0.0,0.0,0.0,0.0,0.0,0.0,0.0,0.0,0.0,0.0,0.0,0.0,0.0,0.0
25,0.4580261707305908,0.2907779812812805,0.48438888788223267,0.24943742156028748,0.4116322994232178,0.2615579664707184,0.5186375379562378,0.3285779058933258,0.34641653299331665,0.3676912188529968,0.6268689632415771,0.6957060098648071,0.2583030164241791,0.7769309282302856,0.8286827802658081,0.8198064565658569,0.0,0.0,0.6445449590682983,0.4955986738204956,0.0,0.0,0.0,0.0,0.0,0.0,0.0,0.0,0.0,0.0,0.0,0.0,0.0,0.0
26,0.4586411118507385,0.2856890559196472,0.4833041727542877,0.24547472596168518,0.41169309616088867,0.258676677942276,0.5158926844596863,0.32593974471092224,0.3457210958003998,0.3690080940723419,0.6307920217514038,0.6932500600814819,0.2584523558616638,0.776418924331665,0.8348070383071899,0.8192927241325378,0.0,0.0,0.6452667117118835,0.4804326891899109,0.0,0.0,0.0,0.0,0.0,0.0,0.0,0.0,0.0,0.0,0.0,0.0,0.0,0.0
27,0.45804834365844727,0.28915613889694214,0.4817141592502594,0.24544985592365265,0.4107063412666321,0.26043838262557983,0.512919545173645,0.3192504942417145,0.34421658515930176,0.3665739893913269,0.6202385425567627,0.6858401894569397,0.2579772472381592,0.777504026889801,0.8319206237792969,0.7971779108047485,0.0,0.0,0.6431791186332703,0.4666253924369812,0.0,0.0,0.0,0.0,0.0,0.0,0.0,0.0,0.0,0.0,0.0,0.0,0.0,0.0
28,0.45873379707336426,0.2792136073112488,0.4830821454524994,0.24440133571624756,0.41088277101516724,0.25600698590278625,0.5154827237129211,0.3298667371273041,0.34495648741722107,0.3709087073802948,0.617300271987915,0.6933858394622803,0.26067477464675903,0.7747928500175476,0.826626181602478,0.7820811867713928,0.0,0.0,0.6366908550262451,0.4517575204372406,0.0,0.0,0.0,0.0,0.0,0.0,0.0,0.0,0.0,0.0,0.0,0.0,0.0,0.0
29,0.4597760736942291,0.2799122631549835,0.4824959635734558,0.24364937841892242,0.41177791357040405,0.256099134683609,0.5123326778411865,0.3225880563259125,0.3439294397830963,0.3673316240310669,0.6145618557929993,0.6784334778785706,0.263582706451416,0.7751070261001587,0.8285331726074219,0.7585214376449585,0.0,0.0,0.6310397982597351,0.43389254808425903,0.0,0.0,0.0,0.0,0.0,0.0,0.0,0.0,0.0,0.0,0.0,0.0,0.0,0.0
30,0.45637601613998413,0.2842921018600464,0.4809989333152771,0.24859581887722015,0.40980011224746704,0.25774747133255005,0.5125826597213745,0.3271077275276184,0.3435437083244324,0.36399945616722107,0.6194310784339905,0.6729688048362732,0.2622453272342682,0.7802613973617554,0.8294144868850708,0.7412716150283813,0.0,0.0,0.6288295984268188,0.4228723645210266,0.0,0.0,0.0,0.0,0.0,0.0,0.0,0.0,0.0,0.0,0.0,0.0,0.0,0.0
31,0.4579623341560364,0.2853696942329407,0.48107776045799255,0.25015512108802795,0.4105067849159241,0.2590729296207428,0.5103520154953003,0.32889777421951294,0.34277644753456116,0.36716926097869873,0.619221568107605,0.6717645525932312,0.26066893339157104,0.7804824113845825,0.8243724703788757,0.7285887002944946,0.0,0.0,0.6258895993232727,0.4125884473323822,0.0,0.0,0.0,0.0,0.0,0.0,0.0,0.0,0.0,0.0,0.0,0.0,0.0,0.0
32,0.45630979537963867,0.282819539308548,0.4772537648677826,0.2500111758708954,0.4102897047996521,0.2572748064994812,0.5032767653465271,0.3284189701080322,0.34268754720687866,0.3641514182090759,0.6134950518608093,0.6676256060600281,0.25870490074157715,0.7772359251976013,0.81878662109375,0.7180561423301697,0.0,0.0,0.6219837665557861,0.4014977216720581,0.0,0.0,0.0,0.0,0.0,0.0,0.0,0.0,0.0,0.0,0.0,0.0,0.0,0.0
33,0.4553103446960449,0.2763790488243103,0.4781665802001953,0.24628286063671112,0.4088978171348572,0.25375089049339294,0.5074481964111328,0.3326566219329834,0.34422779083251953,0.36875152587890625,0.6158655881881714,0.6679747700691223,0.2593936324119568,0.7795022130012512,0.8181277513504028,0.6991876363754272,0.0,0.0,0.6197155117988586,0.3850916028022766,0.0,0.0,0.0,0.0,0.0,0.0,0.0,0.0,0.0,0.0,0.0,0.0,0.0,0.0
34,0.45499786734580994,0.272238552570343,0.47851449251174927,0.24437616765499115,0.40782007575035095,0.25237128138542175,0.5092982053756714,0.33499133586883545,0.3435096740722656,0.37282446026802063,0.6191205978393555,0.6623567342758179,0.2595667839050293,0.7793864607810974,0.8148384094238281,0.6864902377128601,0.0,0.0,0.6165066957473755,0.3791255056858063,0.0,0.0,0.0,0.0,0.0,0.0,0.0,0.0,0.0,0.0,0.0,0.0,0.0,0.0
35,0.4528210759162903,0.27115002274513245,0.47896090149879456,0.24542585015296936,0.40586790442466736,0.25216373801231384,0.5127723813056946,0.3419894278049469,0.34230220317840576,0.37568315863609314,0.6209025382995605,0.6645488142967224,0.25686681270599365,0.7787190079689026,0.8114515542984009,0.6868548393249512,0.0,0.0,0.6162163615226746,0.36899664998054504,0.0,0.0,0.0,0.0,0.0,0.0,0.0,0.0,0.0,0.0,0.0,0.0,0.0,0.0
36,0.4512427747249603,0.26775941252708435,0.4743277430534363,0.2403348833322525,0.40425676107406616,0.2506846487522125,0.5056151151657104,0.33039382100105286,0.3412812650203705,0.37342146039009094,0.6167010068893433,0.6528659462928772,0.25811681151390076,0.7782039046287537,0.8108779788017273,0.6669588685035706,0.0,0.0,0.6142120361328125,0.35296306014060974,0.0,0.0,0.0,0.0,0.0,0.0,0.0,0.0,0.0,0.0,0.0,0.0,0.0,0.0
37,0.4519619345664978,0.26820704340934753,0.47443875670433044,0.24090397357940674,0.404031366109848,0.2519235610961914,0.505350649356842,0.33170077204704285,0.34080609679222107,0.37741222977638245,0.6166896820068359,0.6531814336776733,0.25809526443481445,0.783746063709259,0.8128890991210938,0.652482271194458,0.0,0.0,0.6132324934005737,0.35137540102005005,0.0,0.0,0.0,0.0,0.0,0.0,0.0,0.0,0.0,0.0,0.0,0.0,0.0,0.0
38,0.44857221841812134,0.26297318935394287,0.46920672059059143,0.23909892141819,0.40159425139427185,0.2512109577655792,0.4990593492984772,0.3321050703525543,0.34034284949302673,0.3804514408111572,0.6171567440032959,0.6527398824691772,0.2565232813358307,0.7802259922027588,0.8136032223701477,0.6565628051757812,0.0,0.0,0.6096019744873047,0.3419840931892395,0.0,0.0,0.0,0.0,0.0,0.0,0.0,0.0,0.0,0.0,0.0,0.0,0.0,0.0
39,0.44588547945022583,0.26276707649230957,0.4653332233428955,0.24103763699531555,0.4001222252845764,0.2514842748641968,0.49294614791870117,0.33549728989601135,0.33989638090133667,0.38052546977996826,0.6130704879760742,0.6548051238059998,0.2554715573787689,0.7795337438583374,0.8098036646842957,0.6604325175285339,0.0,0.0,0.6073851585388184,0.3445797264575958,0.0,0.0,0.0,0.0,0.0,0.0,0.0,0.0,0.0,0.0,0.0,0.0,0.0,0.0
40,0.4443405568599701,0.25906163454055786,0.4643002152442932,0.23969903588294983,0.39870914816856384,0.24960148334503174,0.4931410849094391,0.3400839865207672,0.3398978114128113,0.38379380106925964,0.6140204668045044,0.658491313457489,0.25567570328712463,0.7814878225326538,0.8086670637130737,0.6583833694458008,0.0,0.0,0.6058310270309448,0.34001624584198,0.0,0.0,0.0,0.0,0.0,0.0,0.0,0.0,0.0,0.0,0.0,0.0,0.0,0.0
41,0.4419199824333191,0.2589508295059204,0.4627005159854889,0.24032126367092133,0.3966832756996155,0.2507495880126953,0.49305596947669983,0.3425551652908325,0.3395749628543854,0.38674309849739075,0.6141319870948792,0.6588408946990967,0.2550770938396454,0.7824176549911499,0.8084760904312134,0.6583625078201294,0.0,0.0,0.6046873927116394,0.33618462085723877,0.0,0.0,0.0,0.0,0.0,0.0,0.0,0.0,0.0,0.0,0.0,0.0,0.0,0.0
42,0.44190511107444763,0.25279268622398376,0.4620935320854187,0.23651190102100372,0.3963521122932434,0.24762800335884094,0.4915196895599365,0.3419446647167206,0.3388064503669739,0.3883529007434845,0.6125873327255249,0.653942883014679,0.25492608547210693,0.7807801365852356,0.8066785931587219,0.6511377096176147,0.0,0.0,0.603864312171936,0.33590465784072876,0.0,0.0,0.0,0.0,0.0,0.0,0.0,0.0,0.0,0.0,0.0,0.0,0.0,0.0
43,0.4426746368408203,0.2548874318599701,0.46080780029296875,0.23035039007663727,0.39664843678474426,0.24449831247329712,0.48982101678848267,0.3266271948814392,0.3388042449951172,0.37872985005378723,0.6215864419937134,0.6603792309761047,0.2569005787372589,0.7774026393890381,0.8064738512039185,0.6706233620643616,0.0,0.0,0.6205092668533325,0.3147720396518707,0.0,0.0,0.0,0.0,0.0,0.0,0.0,0.0,0.0,0.0,0.0,0.0,0.0,0.0
44,0.4414432942867279,0.251995712518692,0.45985502004623413,0.22814211249351501,0.3957867920398712,0.24320341646671295,0.4898502230644226,0.3245578110218048,0.3391245901584625,0.3779735565185547,0.6215449571609497,0.6572796106338501,0.25703373551368713,0.7776625156402588,0.8067037463188171,0.6659768223762512,0.0,0.0,0.6210119128227234,0.30615368485450745,0.0,0.0,0.0,0.0,0.0,0.0,0.0,0.0,0.0,0.0,0.0,0.0,0.0,0.0
45,0.44231072068214417,0.25304287672042847,0.4614412784576416,0.2354104369878769,0.39653313159942627,0.24409040808677673,0.4889987111091614,0.3398832678794861,0.3379032015800476,0.38239094614982605,0.615976095199585,0.661993682384491,0.25371527671813965,0.7785269618034363,0.8030390739440918,0.6631671786308289,0.0,0.0,0.6187283396720886,0.32029303908348083,0.0,0.0,0.0,0.0,0.0,0.0,0.0,0.0,0.0,0.0,0.0,0.0,0.0,0.0
46,0.4420076012611389,0.2508419156074524,0.4599304795265198,0.2338433414697647,0.397018700838089,0.243558868765831,0.485950767993927,0.3355683386325836,0.3381200134754181,0.38046330213546753,0.6116296648979187,0.6513551473617554,0.2546378970146179,0.7782111167907715,0.8086662292480469,0.6411113142967224,0.0,0.0,0.6033143997192383,0.32994428277015686,0.0,0.0,0.0,0.0,0.0,0.0,0.0,0.0,0.0,0.0,0.0,0.0,0.0,0.0
47,0.444141149520874,0.24549488723278046,0.46158677339553833,0.23034028708934784,0.3978971540927887,0.2409444898366928,0.48725804686546326,0.33659088611602783,0.3376571536064148,0.3848164677619934,0.6138083934783936,0.6455103158950806,0.2550308108329773,0.7776504755020142,0.8084678649902344,0.632763147354126,0.0,0.0,0.6078476309776306,0.3267631530761719,0.0,0.0,0.0,0.0,0.0,0.0,0.0,0.0,0.0,0.0,0.0,0.0,0.0,0.0
48,0.44256243109703064,0.25272053480148315,0.45977506041526794,0.22807100415229797,0.3961205780506134,0.24281665682792664,0.48782724142074585,0.32294175028800964,0.33746886253356934,0.3773901164531708,0.6220057010650635,0.6507469415664673,0.25713521242141724,0.7755396366119385,0.8095085024833679,0.644867479801178,0.0,0.0,0.6274205446243286,0.29587286710739136,0.0,0.0,0.0,0.0,0.0,0.0,0.0,0.0,0.0,0.0,0.0,0.0,0.0,0.0
49,0.44283658266067505,0.2506202459335327,0.46016591787338257,0.22664356231689453,0.3958736062049866,0.24187017977237701,0.4889470040798187,0.32429617643356323,0.3374660909175873,0.37983912229537964,0.6219215393066406,0.652955174446106,0.2571355700492859,0.7761622071266174,0.8088979721069336,0.6437779664993286,0.0,0.0,0.6328594088554382,0.2971082031726837,0.0,0.0,0.0,0.0,0.0,0.0,0.0,0.0,0.0,0.0,0.0,0.0,0.0,0.0
50,0.4417048990726471,0.24955502152442932,0.45943483710289,0.22571268677711487,0.39535170793533325,0.24046748876571655,0.48844781517982483,0.3233369290828705,0.3373222053050995,0.37734919786453247,0.6237105131149292,0.6526814699172974,0.2559008002281189,0.775938868522644,0.8116611242294312,0.6490806937217712,0.0,0.0,0.6326223611831665,0.2928764820098877,0.0,0.0,0.0,0.0,0.0,0.0,0.0,0.0,0.0,0.0,0.0,0.0,0.0,0.0
51,0.4428196847438812,0.24811363220214844,0.4616265296936035,0.2236851006746292,0.3953286409378052,0.23941433429718018,0.49264979362487793,0.3221970200538635,0.3373413681983948,0.3784991502761841,0.6259930729866028,0.6498996615409851,0.25646528601646423,0.7764918208122253,0.8120265007019043,0.6423634886741638,0.0,0.0,0.631035327911377,0.2929827868938446,0.0,0.0,0.0,0.0,0.0,0.0,0.0,0.0,0.0,0.0,0.0,0.0,0.0,0.0
52,0.44333499670028687,0.24617888033390045,0.46211519837379456,0.2231481373310089,0.3961329460144043,0.23733913898468018,0.49264684319496155,0.32396411895751953,0.33757561445236206,0.37699806690216064,0.6272642612457275,0.6507963538169861,0.2562226355075836,0.7765912413597107,0.8151668310165405,0.6394402384757996,0.0,0.0,0.6353335380554199,0.2928221821784973,0.0,0.0,0.0,0.0,0.0,0.0,0.0,0.0,0.0,0.0,0.0,0.0,0.0,0.0
53,0.4428340792655945,0.24159246683120728,0.4616459012031555,0.22101227939128876,0.39605748653411865,0.2339792251586914,0.4917735457420349,0.32666638493537903,0.3379906713962555,0.37723690271377563,0.6257787346839905,0.6533461809158325,0.2552221417427063,0.7758132219314575,0.8128575086593628,0.6380126476287842,0.0,0.0,0.6314700245857239,0.29345184564590454,0.0,0.0,0.0,0.0,0.0,0.0,0.0,0.0,0.0,0.0,0.0,0.0,0.0,0.0
54,0.44224095344543457,0.24370670318603516,0.4606871008872986,0.22212792932987213,0.395399272441864,0.23600661754608154,0.49053412675857544,0.3242378234863281,0.3374398946762085,0.3772185742855072,0.6246088147163391,0.6461968421936035,0.25594133138656616,0.7754073739051819,0.8104079365730286,0.6304729580879211,0.0,0.0,0.6250465512275696,0.29158949851989746,0.0,0.0,0.0,0.0,0.0,0.0,0.0,0.0,0.0,0.0,0.0,0.0,0.0,0.0
55,0.44118136167526245,0.24663522839546204,0.4605674147605896,0.22528791427612305,0.39455652236938477,0.23849287629127502,0.4914395809173584,0.3274267911911011,0.3370915353298187,0.37829381227493286,0.6258166432380676,0.6492000818252563,0.2546924948692322,0.7756031155586243,0.8071662187576294,0.6368988156318665,0.0,0.0,0.6243022084236145,0.2894417643547058,0.0,0.0,0.0,0.0,0.0,0.0,0.0,0.0,0.0,0.0,0.0,0.0,0.0,0.0
56,0.4420410096645355,0.24760860204696655,0.46199727058410645,0.22582605481147766,0.3949908912181854,0.23945994675159454,0.4936743676662445,0.32780921459198,0.3373117446899414,0.37954089045524597,0.6272339820861816,0.644906222820282,0.2554634213447571,0.7747044563293457,0.8062354326248169,0.6310527324676514,0.0,0.0,0.6215755343437195,0.2890869379043579,0.0,0.0,0.0,0.0,0.0,0.0,0.0,0.0,0.0,0.0,0.0,0.0,0.0,0.0
57,0.4400056004524231,0.24711571633815765,0.4605121612548828,0.2282494306564331,0.3942476809024811,0.23941007256507874,0.4921639859676361,0.3344431221485138,0.33800074458122253,0.38030824065208435,0.6253250241279602,0.6498088836669922,0.2556421160697937,0.7757938504219055,0.8108342289924622,0.6339603662490845,0.0,0.0,0.6275081634521484,0.2951795756816864,0.0,0.0,0.0,0.0,0.0,0.0,0.0,0.0,0.0,0.0,0.0,0.0,0.0,0.0
58,0.4397386908531189,0.24366258084774017,0.460008442401886,0.2268010824918747,0.3938777446746826,0.23823995888233185,0.4916399419307709,0.3367322087287903,0.3378848731517792,0.3836660087108612,0.6274067759513855,0.6475160717964172,0.2555055022239685,0.7767993807792664,0.8110111355781555,0.6308136582374573,0.0,0.0,0.624541699886322,0.2930755913257599,0.0,0.0,0.0,0.0,0.0,0.0,0.0,0.0,0.0,0.0,0.0,0.0,0.0,0.0
59,0.43941792845726013,0.24815130233764648,0.4603946805000305,0.23109647631645203,0.39412716031074524,0.24039815366268158,0.49183526635169983,0.34038037061691284,0.3376261591911316,0.3819829821586609,0.6253277063369751,0.653168797492981,0.2549806237220764,0.7755654454231262,0.8096065521240234,0.640759289264679,0.0,0.0,0.6269422173500061,0.2908317744731903,0.0,0.0,0.0,0.0,0.0,0.0,0.0,0.0,0.0,0.0,0.0,0.0,0.0,0.0
60,0.4393951892852783,0.24411144852638245,0.45821303129196167,0.22823286056518555,0.39364340901374817,0.23887918889522552,0.48717719316482544,0.34118613600730896,0.33766740560531616,0.3881102502346039,0.6224372386932373,0.6496003866195679,0.25349754095077515,0.7778605818748474,0.801409125328064,0.6145796775817871,0.0,0.0,0.6116185188293457,0.28775784373283386,0.0,0.0,0.0,0.0,0.0,0.0,0.0,0.0,0.0,0.0,0.0,0.0,0.0,0.0
61,0.4386933445930481,0.24472267925739288,0.4591072201728821,0.23246774077415466,0.3935772478580475,0.24060431122779846,0.48841923475265503,0.348332017660141,0.33879566192626953,0.3904888331890106,0.6174523830413818,0.6495100855827332,0.25168848037719727,0.7776564955711365,0.7998039126396179,0.6219369173049927,0.0,0.0,0.6186893582344055,0.29739052057266235,0.0,0.0,0.0,0.0,0.0,0.0,0.0,0.0,0.0,0.0,0.0,0.0,0.0,0.0
62,0.43796253204345703,0.24648120999336243,0.458590030670166,0.23461690545082092,0.3935992121696472,0.24152109026908875,0.4875006079673767,0.34984660148620605,0.3386884033679962,0.3889077305793762,0.6156502962112427,0.6492817997932434,0.2510532736778259,0.7779407501220703,0.7999230027198792,0.6218245029449463,0.0,0.0,0.6182069778442383,0.2947167456150055,0.0,0.0,0.0,0.0,0.0,0.0,0.0,0.0,0.0,0.0,0.0,0.0,0.0,0.0
63,0.4372831881046295,0.24695472419261932,0.45852160453796387,0.23649190366268158,0.393224835395813,0.2428898811340332,0.4884522557258606,0.35422539710998535,0.3393295407295227,0.39170753955841064,0.6153994798660278,0.6512366533279419,0.2512248158454895,0.7780183553695679,0.7999993562698364,0.6224119067192078,0.0,0.0,0.6224057674407959,0.29389435052871704,0.0,0.0,0.0,0.0,0.0,0.0,0.0,0.0,0.0,0.0,0.0,0.0,0.0,0.0
64,0.4392171800136566,0.24739418923854828,0.46012765169143677,0.23330816626548767,0.39419281482696533,0.24226988852024078,0.4919010102748871,0.34960994124412537,0.33958345651626587,0.3914310336112976,0.6230343580245972,0.6528549790382385,0.2539849877357483,0.7773950099945068,0.8024598956108093,0.6175475716590881,0.0,0.0,0.6150169968605042,0.2828386425971985,0.0,0.0,0.0,0.0,0.0,0.0,0.0,0.0,0.0,0.0,0.0,0.0,0.0,0.0
65,0.43845194578170776,0.2470824271440506,0.4587370455265045,0.23734425008296967,0.39459091424942017,0.24364925920963287,0.4874591827392578,0.3526155352592468,0.33911269903182983,0.39029353857040405,0.6134551763534546,0.6492961645126343,0.25101643800735474,0.7803225517272949,0.8088697195053101,0.6016586422920227,0.0,0.0,0.6037557721138,0.29638007283210754,0.0,0.0,0.0,0.0,0.0,0.0,0.0,0.0,0.0,0.0,0.0,0.0,0.0,0.0
66,0.43831366300582886,0.2499750554561615,0.45903903245925903,0.23771584033966064,0.39428162574768066,0.24291524291038513,0.4877340793609619,0.3511854112148285,0.33940064907073975,0.3864627778530121,0.6163185834884644,0.6535094976425171,0.2517651915550232,0.7778663635253906,0.8016931414604187,0.6186704039573669,0.0,0.0,0.6227865815162659,0.288639634847641,0.0,0.0,0.0,0.0,0.0,0.0,0.0,0.0,0.0,0.0,0.0,0.0,0.0,0.0
67,0.43722662329673767,0.24711577594280243,0.45778530836105347,0.23765456676483154,0.39407670497894287,0.24374298751354218,0.4869576394557953,0.35284826159477234,0.339871346950531,0.38946807384490967,0.6140166521072388,0.6490014791488647,0.2502681612968445,0.7801690101623535,0.8093536496162415,0.6045308113098145,0.0,0.0,0.60422283411026,0.2984023988246918,0.0,0.0,0.0,0.0,0.0,0.0,0.0,0.0,0.0,0.0,0.0,0.0,0.0,0.0
68,0.43727484345436096,0.24797305464744568,0.45822715759277344,0.23803764581680298,0.39419233798980713,0.24412578344345093,0.48743724822998047,0.3522753417491913,0.33989161252975464,0.3888437747955322,0.6137877702713013,0.6443578004837036,0.25082385540008545,0.7798206210136414,0.8089882135391235,0.6028022766113281,0.0,0.0,0.6044713258743286,0.3002450466156006,0.0,0.0,0.0,0.0,0.0,0.0,0.0,0.0,0.0,0.0,0.0,0.0,0.0,0.0
69,0.4375951886177063,0.25150954723358154,0.4592898488044739,0.23862424492835999,0.3940029442310333,0.2440684288740158,0.48908454179763794,0.35167187452316284,0.3400752544403076,0.38670614361763,0.6173652410507202,0.6521077752113342,0.2515585422515869,0.7771412134170532,0.8040241003036499,0.6231356263160706,0.0,0.0,0.6207184791564941,0.2923116087913513,0.0,0.0,0.0,0.0,0.0,0.0,0.0,0.0,0.0,0.0,0.0,0.0,0.0,0.0
70,0.4369400143623352,0.24889501929283142,0.4574550688266754,0.2371831089258194,0.39396199584007263,0.2448642998933792,0.48693346977233887,0.34820353984832764,0.34063392877578735,0.3878886103630066,0.613900363445282,0.6435579657554626,0.25137537717819214,0.7763350009918213,0.8089153170585632,0.6045551300048828,0.0,0.0,0.6056764721870422,0.29970744252204895,0.0,0.0,0.0,0.0,0.0,0.0,0.0,0.0,0.0,0.0,0.0,0.0,0.0,0.0
71,0.43730106949806213,0.24562852084636688,0.4571603834629059,0.23553039133548737,0.3944753408432007,0.2435680478811264,0.4861055314540863,0.3473048508167267,0.34114891290664673,0.38815903663635254,0.6173933148384094,0.6371555328369141,0.25179076194763184,0.7749069929122925,0.8107870221138,0.6032573580741882,0.0,0.0,0.6060981154441833,0.29772433638572693,0.2896484434604645,0.9109901785850525,0.0,0.0,0.0,0.0,0.0,0.0,0.0,0.0,0.0,0.0,0.0,0.0
72,0.43783074617385864,0.2466658502817154,0.458516925573349,0.23691873252391815,0.39471206068992615,0.2444971799850464,0.4884975552558899,0.35025036334991455,0.34107962250709534,0.3899625837802887,0.6185566186904907,0.6382392644882202,0.25196969509124756,0.7753777503967285,0.8099570274353027,0.6001883149147034,0.0,0.0,0.6047224402427673,0.2953248620033264,0.291786253452301,0.9086992740631104,0.0,0.0,0.0,0.0,0.0,0.0,0.0,0.0,0.0,0.0,0.0,0.0
73,0.43928807973861694,0.24626825749874115,0.4587341248989105,0.23558135330677032,0.39594435691833496,0.24284838140010834,0.48650088906288147,0.34621915221214294,0.3406886160373688,0.386051744222641,0.6180629730224609,0.6374109387397766,0.2518925964832306,0.7739688754081726,0.8101711273193359,0.6013818383216858,0.0,0.0,0.6054819822311401,0.295259565114975,0.2925803065299988,0.9067615270614624,0.0,0.0,0.0,0.0,0.0,0.0,0.0,0.0,0.0,0.0,0.0,0.0
74,0.4395640790462494,0.2461131066083908,0.4588088095188141,0.23472818732261658,0.3962680995464325,0.24241425096988678,0.4864256978034973,0.34357336163520813,0.34094709157943726,0.384257435798645,0.618532657623291,0.6360986232757568,0.25213298201560974,0.7731653451919556,0.8110135197639465,0.6021948456764221,0.0,0.0,0.6063469648361206,0.29475823044776917,0.0,0.0,0.0,0.0,0.0,0.0,0.0,0.0,0.0,0.0,0.0,0.0,0.0,0.0
75,0.43981748819351196,0.24977286159992218,0.4591463506221771,0.23738546669483185,0.3969435691833496,0.24380354583263397,0.4860727787017822,0.3436393439769745,0.3408767580986023,0.38131067156791687,0.616280734539032,0.6377814412117004,0.25229495763778687,0.7735605835914612,0.8107969164848328,0.6037404537200928,0.0,0.0,0.6065365076065063,0.2936941981315613,0.0,0.0,0.0,0.0,0.0,0.0,0.0,0.0,0.0,0.0,0.0,0.0,0.0,0.0
76,0.44000738859176636,0.24897459149360657,0.4598877429962158,0.23849515616893768,0.3970966339111328,0.2440771460533142,0.48716169595718384,0.3490195870399475,0.34107446670532227,0.38490304350852966,0.6159437894821167,0.6401717066764832,0.25196775794029236,0.7747669219970703,0.8096311688423157,0.6043800711631775,0.0,0.0,0.6052305102348328,0.2937988042831421,0.0,0.0,0.0,0.0,0.0,0.0,0.0,0.0,0.0,0.0,0.0,0.0,0.0,0.0
77,0.43954452872276306,0.2501783072948456,0.4600682258605957,0.23896868526935577,0.39698347449302673,0.2443881630897522,0.48801493644714355,0.34777548909187317,0.3414550721645355,0.38275769352912903,0.6157407760620117,0.6372430324554443,0.25255724787712097,0.7725311517715454,0.809709906578064,0.6023889780044556,0.0,0.0,0.6056763529777527,0.2926207184791565,0.0,0.0,0.0,0.0,0.0,0.0,0.0,0.0,0.0,0.0,0.0,0.0,0.0,0.0
78,0.4405144155025482,0.24848274886608124,0.46118301153182983,0.2398092895746231,0.39786672592163086,0.24405525624752045,0.48881158232688904,0.35286757349967957,0.3419052064418793,0.3856782019138336,0.6162267923355103,0.6382395625114441,0.2522243857383728,0.7722020149230957,0.8094803094863892,0.6021080613136292,0.0,0.0,0.6053913831710815,0.2929801642894745,0.0,0.0,0.0,0.0,0.0,0.0,0.0,0.0,0.0,0.0,0.0,0.0,0.0,0.0
79,0.44053807854652405,0.2508487403392792,0.46079984307289124,0.2418028861284256,0.39806869626045227,0.2452358603477478,0.4876881539821625,0.35303574800491333,0.34183695912361145,0.3841450810432434,0.6153556108474731,0.6397325992584229,0.2528725266456604,0.7704280614852905,0.808681309223175,0.6043453812599182,0.0,0.0,0.6046408414840698,0.29014188051223755,0.0,0.0,0.0,0.0,0.0,0.0,0.0,0.0,0.0,0.0,0.0,0.0,0.0,0.0
80,0.4412849545478821,0.2515784800052643,0.4618164598941803,0.2415464073419571,0.3984607756137848,0.24529695510864258,0.48905110359191895,0.35359564423561096,0.3424132764339447,0.38518163561820984,0.613693118095398,0.6448144316673279,0.2532319724559784,0.7720457315444946,0.8064901232719421,0.6064653396606445,0.0,0.0,0.6049484014511108,0.2918340861797333,0.0,0.0,0.0,0.0,0.0,0.0,0.0,0.0,0.0,0.0,0.0,0.0,0.0,0.0
81,0.44128888845443726,0.2527652084827423,0.46136102080345154,0.23838698863983154,0.39797884225845337,0.24364465475082397,0.4902908205986023,0.34906983375549316,0.3431055247783661,0.3825933337211609,0.6246162056922913,0.6545185446739197,0.25598281621932983,0.7725476622581482,0.8034950494766235,0.6212654113769531,0.0,0.0,0.6173534989356995,0.27847594022750854,0.0,0.0,0.0,0.0,0.0,0.0,0.0,0.0,0.0,0.0,0.0,0.0,0.0,0.0
82,0.44160303473472595,0.25596722960472107,0.46219635009765625,0.24249149858951569,0.3985384404659271,0.24525265395641327,0.48887166380882263,0.3504961133003235,0.3423077166080475,0.3801420331001282,0.6175523400306702,0.6497976183891296,0.2541627287864685,0.7727527618408203,0.8027000427246094,0.6204889416694641,0.0,0.0,0.6216402053833008,0.2828754782676697,0.0,0.0,0.0,0.0,0.0,0.0,0.0,0.0,0.0,0.0,0.0,0.0,0.0,0.0
83,0.4414895176887512,0.2517935335636139,0.4612869322299957,0.23671332001686096,0.3980163633823395,0.2436002641916275,0.49056416749954224,0.34621280431747437,0.3436338007450104,0.3830777108669281,0.6241121888160706,0.6530625820159912,0.2565608024597168,0.7715790867805481,0.8032660484313965,0.6262864470481873,0.0,0.0,0.6224206686019897,0.27437272667884827,0.0,0.0,0.0,0.0,0.0,0.0,0.0,0.0,0.0,0.0,0.0,0.0,0.0,0.0
84,0.4412507116794586,0.25459611415863037,0.461254745721817,0.23791354894638062,0.3979388475418091,0.24462921917438507,0.4904453754425049,0.34457820653915405,0.34351497888565063,0.38091206550598145,0.6218770146369934,0.6533505320549011,0.2565253674983978,0.7728193402290344,0.8041512370109558,0.6239134669303894,0.0,0.0,0.6214450001716614,0.2741320729255676,0.0,0.0,0.0,0.0,0.0,0.0,0.0,0.0,0.0,0.0,0.0,0.0,0.0,0.0
85,0.4423452317714691,0.2523427903652191,0.4622332453727722,0.23562346398830414,0.3982521593570709,0.24344290792942047,0.4915993809700012,0.3428412675857544,0.3433240056037903,0.38169562816619873,0.6222662329673767,0.6534019112586975,0.25761231780052185,0.7707526087760925,0.8032344579696655,0.6314436197280884,0.0,0.0,0.6229041218757629,0.275800496339798,0.0,0.0,0.0,0.0,0.0,0.0,0.0,0.0,0.0,0.0,0.0,0.0,0.0,0.0
86,0.44254517555236816,0.2533470392227173,0.46231546998023987,0.2355916053056717,0.3983980715274811,0.24351787567138672,0.4915742874145508,0.34061959385871887,0.34333309531211853,0.37974613904953003,0.622313380241394,0.6521664261817932,0.2580670714378357,0.7691234350204468,0.8034652471542358,0.632297933101654,0.0,0.0,0.624585747718811,0.27892979979515076,0.0,0.0,0.0,0.0,0.0,0.0,0.0,0.0,0.0,0.0,0.0,0.0,0.0,0.0
87,0.4429539144039154,0.25506189465522766,0.46235284209251404,0.23947493731975555,0.3993963599205017,0.24417926371097565,0.48822110891342163,0.34238478541374207,0.34306520223617554,0.3766433000564575,0.6171322464942932,0.6456958651542664,0.2566147446632385,0.7662286162376404,0.8048326373100281,0.6225185394287109,0.0,0.0,0.6291171312332153,0.2835148572921753,0.0,0.0,0.0,0.0,0.0,0.0,0.0,0.0,0.0,0.0,0.0,0.0,0.0,0.0
88,0.44251084327697754,0.25142642855644226,0.4621437191963196,0.23898722231388092,0.3994593024253845,0.24478323757648468,0.4892590045928955,0.34487223625183105,0.34387898445129395,0.3809322416782379,0.6148889064788818,0.6430277824401855,0.25669193267822266,0.7651312351226807,0.8094209432601929,0.6167721748352051,0.0,0.0,0.6082028150558472,0.2907540202140808,0.0,0.0,0.0,0.0,0.0,0.0,0.0,0.0,0.0,0.0,0.0,0.0,0.0,0.0
89,0.4435853064060211,0.2491152584552765,0.46278324723243713,0.23607921600341797,0.40002092719078064,0.24380403757095337,0.49026551842689514,0.3403879702091217,0.3445708155632019,0.3808877766132355,0.6167865991592407,0.6366068124771118,0.2585667669773102,0.7622867226600647,0.8102062344551086,0.6143900156021118,0.0,0.0,0.6105844378471375,0.29135608673095703,0.0,0.0,0.0,0.0,0.0,0.0,0.0,0.0,0.0,0.0,0.0,0.0,0.0,0.0
90,0.4448390007019043,0.2508060336112976,0.4633946418762207,0.2332076132297516,0.4003634452819824,0.24133963882923126,0.4916822016239166,0.33689945936203003,0.34497642517089844,0.37731021642684937,0.6260162591934204,0.6503375768661499,0.26081186532974243,0.7637085318565369,0.8086675405502319,0.6359365582466125,0.0,0.0,0.6314799189567566,0.2792542576789856,0.0,0.0,0.0,0.0,0.0,0.0,0.0,0.0,0.0,0.0,0.0,0.0,0.0,0.0
91,0.4457073211669922,0.24845704436302185,0.4652499258518219,0.23132452368736267,0.4005100131034851,0.240204855799675,0.49530258774757385,0.3370843231678009,0.3454306423664093,0.3789959251880646,0.6273503303527832,0.6464765667915344,0.26193708181381226,0.762179434299469,0.8069387674331665,0.6321147680282593,0.0,0.0,0.6311560869216919,0.27880585193634033,0.0,0.0,0.0,0.0,0.0,0.0,0.0,0.0,0.0,0.0,0.0,0.0,0.0,0.0
92,0.44528928399086,0.24740223586559296,0.46519264578819275,0.23137959837913513,0.4002421498298645,0.23987971246242523,0.4957781434059143,0.33977898955345154,0.34578579664230347,0.38064631819725037,0.6275445818901062,0.6471823453903198,0.2622824013233185,0.7614694833755493,0.8057222366333008,0.6300252676010132,0.0,0.0,0.6301583051681519,0.28174450993537903,0.0,0.0,0.0,0.0,0.0,0.0,0.0,0.0,0.0,0.0,0.0,0.0,0.0,0.0
93,0.44697707891464233,0.24874061346054077,0.46625155210494995,0.22868892550468445,0.4011038839817047,0.23975150287151337,0.4966157078742981,0.330061674118042,0.3458518385887146,0.376690149307251,0.6287524104118347,0.6428354382514954,0.26341429352760315,0.7601671814918518,0.8063507080078125,0.6318277716636658,0.0,0.0,0.6323340535163879,0.2795526683330536,0.0,0.0,0.0,0.0,0.0,0.0,0.0,0.0,0.0,0.0,0.0,0.0,0.0,0.0
94,0.4458664059638977,0.24472390115261078,0.4640115797519684,0.23184117674827576,0.40161728858947754,0.2409176230430603,0.4909721910953522,0.3362535834312439,0.3464929163455963,0.38074740767478943,0.6201688051223755,0.6312658190727234,0.262082040309906,0.7579107880592346,0.8114161491394043,0.61117023229599,0.0,0.0,0.6164466142654419,0.29361891746520996,0.2800291180610657,0.9252445101737976,0.0,0.0,0.0,0.0,0.0,0.0,0.0,0.0,0.0,0.0,0.0,0.0
95,0.4461979866027832,0.24558839201927185,0.4645249843597412,0.23207464814186096,0.40202292799949646,0.24001459777355194,0.49087172746658325,0.3354821801185608,0.3456459641456604,0.37773606181144714,0.6199139356613159,0.6322839856147766,0.26093190908432007,0.7598298788070679,0.8127667307853699,0.6043939590454102,0.0,0.0,0.6140943765640259,0.2899457514286041,0.0,0.0,0.0,0.0,0.0,0.0,0.0,0.0,0.0,0.0,0.0,0.0,0.0,0.0
96,0.4465970993041992,0.24487756192684174,0.4651174545288086,0.23082335293293,0.40193262696266174,0.23944100737571716,0.4919739365577698,0.3341985046863556,0.3454758822917938,0.377850741147995,0.620934009552002,0.6327347755432129,0.2619244158267975,0.7592783570289612,0.8118895292282104,0.6067707538604736,0.0,0.0,0.6149514317512512,0.2914522886276245,0.0,0.0,0.0,0.0,0.0,0.0,0.0,0.0,0.0,0.0,0.0,0.0,0.0,0.0
97,0.44629448652267456,0.24285639822483063,0.4655517041683197,0.22996222972869873,0.40147286653518677,0.24009065330028534,0.4942219853401184,0.33609846234321594,0.34667500853538513,0.3824487328529358,0.6232489347457886,0.6314016580581665,0.2633017599582672,0.7575238943099976,0.810433030128479,0.6099207401275635,0.0,0.0,0.6158874034881592,0.29286840558052063,0.0,0.0,0.0,0.0,0.0,0.0,0.0,0.0,0.0,0.0,0.0,0.0,0.0,0.0
98,0.44640588760375977,0.2450573891401291,0.46492379903793335,0.23114511370658875,0.40206336975097656,0.24104242026805878,0.492201566696167,0.3344932198524475,0.3471028208732605,0.3803955912590027,0.6218322515487671,0.6300792098045349,0.2634967267513275,0.7560104727745056,0.8115185499191284,0.61174476146698,0.0,0.0,0.6155415177345276,0.29438677430152893,0.0,0.0,0.0,0.0,0.0,0.0,0.0,0.0,0.0,0.0,0.0,0.0,0.0,0.0
99,0.4471655488014221,0.24675698578357697,0.46643519401550293,0.2288130819797516,0.40187883377075195,0.2404860407114029,0.496858686208725,0.3350743055343628,0.34834024310112,0.3826442360877991,0.6292589902877808,0.6385079026222229,0.266106516122818,0.7522839903831482,0.8017264604568481,0.6290867328643799,0.0,0.0,0.6301771402359009,0.2812783420085907,0.0,0.0,0.0,0.0,0.0,0.0,0.0,0.0,0.0,0.0,0.0,0.0,0.0,0.0
100,0.44577687978744507,0.24268101155757904,0.46553048491477966,0.2310527265071869,0.40154528617858887,0.24099113047122955,0.4947405457496643,0.3397505283355713,0.34767651557922363,0.3849570155143738,0.6234492659568787,0.6304185390472412,0.2641368806362152,0.7555480003356934,0.8131549954414368,0.614830493927002,0.0,0.0,0.6175304651260376,0.2956811487674713,0.0,0.0,0.0,0.0,0.0,0.0,0.0,0.0,0.0,0.0,0.0,0.0,0.0,0.0
101,0.44499334692955017,0.24015486240386963,0.4656594693660736,0.23033486306667328,0.40098708868026733,0.23968590795993805,0.4961116909980774,0.3420732021331787,0.34791117906570435,0.385535329580307,0.6252051591873169,0.6306928396224976,0.2641264498233795,0.7544101476669312,0.8133597373962402,0.6191447973251343,0.0,0.0,0.6173256039619446,0.29863986372947693,0.0,0.0,0.0,0.0,0.0,0.0,0.0,0.0,0.0,0.0,0.0,0.0,0.0,0.0
102,0.44568508863449097,0.24050262570381165,0.4659205377101898,0.2297370731830597,0.40185078978538513,0.2399977594614029,0.4962051808834076,0.33850181102752686,0.3488121032714844,0.3839470446109772,0.6253354549407959,0.6237697005271912,0.265495240688324,0.7530525922775269,0.8161448240280151,0.615888237953186,0.0,0.0,0.6177773475646973,0.3003685176372528,0.0,0.0,0.0,0.0,0.0,0.0,0.0,0.0,0.0,0.0,0.0,0.0,0.0,0.0
103,0.4469497799873352,0.23887966573238373,0.4672362208366394,0.23097561299800873,0.40286341309547424,0.24022360146045685,0.4969368875026703,0.34530913829803467,0.34928545355796814,0.38919582962989807,0.6231423020362854,0.6256340146064758,0.265292227268219,0.7546452283859253,0.8152033090591431,0.6100500226020813,0.0,0.0,0.6157512068748474,0.2985379099845886,0.0,0.0,0.0,0.0,0.0,0.0,0.0,0.0,0.0,0.0,0.0,0.0,0.0,0.0
104,0.4470386505126953,0.2376547008752823,0.46769770979881287,0.22577223181724548,0.4021838307380676,0.23858331143856049,0.5005186796188354,0.33989623188972473,0.34965676069259644,0.3895608186721802,0.6311780214309692,0.6327701210975647,0.26493507623672485,0.7613034248352051,0.8242937326431274,0.611955463886261,0.0,0.0,0.6240941882133484,0.28926482796669006,0.277399480342865,0.8421081900596619,0.0,0.0,0.0,0.0,0.0,0.0,0.0,0.0,0.0,0.0,0.0,0.0
105,0.44575801491737366,0.23584452271461487,0.46712952852249146,0.22425995767116547,0.4014256000518799,0.23778590559959412,0.5013827085494995,0.3403240740299225,0.35045793652534485,0.39042770862579346,0.6295543909072876,0.634452223777771,0.26476800441741943,0.7609536647796631,0.8211104273796082,0.6110615730285645,0.0,0.0,0.6233226656913757,0.28838422894477844,0.27804940938949585,0.8384976387023926,0.0,0.0,0.0,0.0,0.0,0.0,0.0,0.0,0.0,0.0,0.0,0.0
106,0.44627848267555237,0.23345781862735748,0.46658721566200256,0.22247695922851562,0.40190452337265015,0.23509369790554047,0.49865293502807617,0.3386417329311371,0.34976473450660706,0.38760906457901,0.6308955550193787,0.6356121301651001,0.26454514265060425,0.7576766014099121,0.8242326974868774,0.6226686239242554,0.0,0.0,0.6230921149253845,0.2918590307235718,0.2779344916343689,0.8493278622627258,0.0,0.0,0.0,0.0,0.0,0.0,0.0,0.0,0.0,0.0,0.0,0.0
107,0.44510889053344727,0.23259809613227844,0.46736735105514526,0.22309929132461548,0.40081849694252014,0.23702381551265717,0.5033515691757202,0.34521037340164185,0.35173535346984863,0.39584633708000183,0.6310359239578247,0.6348326802253723,0.26622557640075684,0.756647527217865,0.819820761680603,0.6201067566871643,0.0,0.0,0.6208675503730774,0.2935262620449066,0.2786497175693512,0.8445781469345093,0.0,0.0,0.0,0.0,0.0,0.0,0.0,0.0,0.0,0.0,0.0,0.0
108,0.44733428955078125,0.23847080767154694,0.466357946395874,0.22082635760307312,0.40358835458755493,0.23371949791908264,0.49644437432289124,0.32588711380958557,0.3524741530418396,0.3751407265663147,0.6298443078994751,0.6296877861022949,0.2684750258922577,0.7474585771560669,0.8097487688064575,0.6278320550918579,0.0,0.0,0.6279870271682739,0.2878202497959137,0.0,0.0,0.0,0.0,0.0,0.0,0.0,0.0,0.0,0.0,0.0,0.0,0.0,0.0
109,0.4474703371524811,0.2348729819059372,0.46859675645828247,0.2199985682964325,0.40308403968811035,0.23226064443588257,0.5026796460151672,0.33374932408332825,0.353341281414032,0.3810146152973175,0.6385088562965393,0.634989857673645,0.2697977125644684,0.7444270849227905,0.8148671984672546,0.6431456208229065,0.0,0.0,0.629615068435669,0.2989133596420288,0.0,0.0,0.0,0.0,0.0,0.0,0.0,0.0,0.0,0.0,0.0,0.0,0.0,0.0
110,0.44206133484840393,0.22218045592308044,0.46763864159584045,0.22067202627658844,0.4004361629486084,0.23054741322994232,0.5066434741020203,0.3534514307975769,0.3549988567829132,0.39382031559944153,0.6314786672592163,0.6301252245903015,0.26904401183128357,0.7399669885635376,0.819575309753418,0.6595658659934998,0.0,0.0,0.6089441776275635,0.3393630087375641,0.28482306003570557,0.8881585597991943,0.0,0.0,0.0,0.0,0.0,0.0,0.0,0.0,0.0,0.0,0.0,0.0
111,0.44804269075393677,0.2368096262216568,0.47345027327537537,0.22077909111976624,0.40325307846069336,0.23154407739639282,0.5127478837966919,0.3418219983577728,0.35344964265823364,0.38313359022140503,0.6400237679481506,0.651427686214447,0.2698024809360504,0.7513964176177979,0.8162568211555481,0.6695546507835388,0.0,0.0,0.6275936365127563,0.3315914273262024,0.0,0.0,0.0,0.0,0.0,0.0,0.0,0.0,0.0,0.0,0.0,0.0,0.0,0.0
112,0.4483845829963684,0.23650331795215607,0.4745543897151947,0.21948936581611633,0.4039890170097351,0.23021051287651062,0.5150924324989319,0.3397749066352844,0.35407766699790955,0.3795045018196106,0.6422282457351685,0.6587522029876709,0.269440233707428,0.7497655749320984,0.8208794593811035,0.7010663151741028,0.0,0.0,0.6331524848937988,0.35823681950569153,0.0,0.0,0.0,0.0,0.0,0.0,0.0,0.0,0.0,0.0,0.0,0.0,0.0,0.0
113,0.4437861442565918,0.2422182708978653,0.4698452949523926,0.2247197926044464,0.40186595916748047,0.23332472145557404,0.5091292262077332,0.3400800824165344,0.35403627157211304,0.37428730726242065,0.6334948539733887,0.6599407196044922,0.27038806676864624,0.7497117519378662,0.8204218149185181,0.6969168186187744,0.0,0.0,0.6211792230606079,0.3644222617149353,0.0,0.0,0.0,0.0,0.0,0.0,0.0,0.0,0.0,0.0,0.0,0.0,0.0,0.0
114,0.4471031129360199,0.24600882828235626,0.4744829535484314,0.2296692430973053,0.40439629554748535,0.23674635589122772,0.5141069889068604,0.34631678462028503,0.3533915579319,0.3768242597579956,0.6337177753448486,0.6592950820922852,0.26911768317222595,0.7411077618598938,0.8182920217514038,0.716475784778595,0.0,0.0,0.6197161078453064,0.38054734468460083,0.0,0.0,0.0,0.0,0.0,0.0,0.0,0.0,0.0,0.0,0.0,0.0,0.0,0.0
115,0.44947975873947144,0.24872682988643646,0.4794691205024719,0.23285426199436188,0.4057826101779938,0.23672892153263092,0.5182808637619019,0.35151374340057373,0.3500309884548187,0.375751256942749,0.6193551421165466,0.6680482029914856,0.2676805853843689,0.7470210790634155,0.8269626498222351,0.726279616355896,0.0,0.0,0.6109548807144165,0.4097253680229187,0.27428874373435974,0.8897865414619446,0.0,0.0,0.0,0.0,0.0,0.0,0.0,0.0,0.0,0.0,0.0,0.0
116,0.45181941986083984,0.2371297925710678,0.48067593574523926,0.22516699135303497,0.4073692858219147,0.22805002331733704,0.5172667503356934,0.3550403118133545,0.3502437174320221,0.3776118755340576,0.6116771101951599,0.68576580286026,0.2678951323032379,0.743151068687439,0.8170788884162903,0.7474870085716248,0.0,0.0,0.611757755279541,0.4253830313682556,0.27885010838508606,0.8815794587135315,0.0,0.0,0.0,0.0,0.0,0.0,0.0,0.0,0.0,0.0,0.0,0.0
117,0.45383843779563904,0.2324928641319275,0.48745861649513245,0.2171095609664917,0.40796178579330444,0.22801880538463593,0.534415602684021,0.3433305621147156,0.3529565930366516,0.3807237446308136,0.6285526752471924,0.6390887498855591,0.27444854378700256,0.7244733572006226,0.8249925374984741,0.7593938708305359,0.0,0.0,0.6109287142753601,0.4513019025325775,0.0,0.0,0.0,0.0,0.0,0.0,0.0,0.0,0.0,0.0,0.0,0.0,0.0,0.0
118,0.45525306463241577,0.24641501903533936,0.4873133599758148,0.22651875019073486,0.4098641276359558,0.23268848657608032,0.5284665822982788,0.34313830733299255,0.35252636671066284,0.37131384015083313,0.6269747614860535,0.650496780872345,0.26831716299057007,0.7334434390068054,0.8189873695373535,0.779754638671875,0.0,0.0,0.6157633066177368,0.4728483259677887,0.0,0.0,0.0,0.0,0.0,0.0,0.0,0.0,0.0,0.0,0.0,0.0,0.0,0.0
119,0.45608076453208923,0.2553260922431946,0.4903477132320404,0.23282025754451752,0.41084837913513184,0.23745794594287872,0.5320192575454712,0.34889939427375793,0.35153916478157043,0.3720550239086151,0.6292601227760315,0.6531586647033691,0.2666117548942566,0.7336090207099915,0.826158344745636,0.8079700469970703,0.0,0.0,0.6166124939918518,0.49842578172683716,0.0,0.0,0.0,0.0,0.0,0.0,0.0,0.0,0.0,0.0,0.0,0.0,0.0,0.0
120,0.4512454569339752,0.2507418692111969,0.48602166771888733,0.2310224175453186,0.4073403775691986,0.23885971307754517,0.5329176187515259,0.35753464698791504,0.3553415536880493,0.38630974292755127,0.6374191641807556,0.6566702127456665,0.2663354277610779,0.72801274061203,0.8184946775436401,0.8344764113426208,0.0,0.0,0.6239038109779358,0.525578498840332,0.0,0.0,0.0,0.0,0.0,0.0,0.0,0.0,0.0,0.0,0.0,0.0,0.0,0.0
121,0.4522751271724701,0.2558327317237854,0.485830157995224,0.23086649179458618,0.41065892577171326,0.2378622144460678,0.5268650054931641,0.3520093560218811,0.354321151971817,0.3775521218776703,0.6243315935134888,0.6423884034156799,0.263711154460907,0.7279363870620728,0.8271397352218628,0.8299610018730164,0.0,0.0,0.6188364624977112,0.551903486251831,0.28456026315689087,0.8127869963645935,0.0,0.0,0.0,0.0,0.0,0.0,0.0,0.0,0.0,0.0,0.0,0.0
122,0.45272406935691833,0.2642441987991333,0.4860211908817291,0.23712193965911865,0.4114277958869934,0.24046392738819122,0.5253162980079651,0.35351550579071045,0.3540689945220947,0.3713425397872925,0.6248590350151062,0.6640630960464478,0.26380014419555664,0.7331669926643372,0.825274646282196,0.841751754283905,0.0,0.0,0.6178803443908691,0.5668549537658691,0.0,0.0,0.0,0.0,0.0,0.0,0.0,0.0,0.0,0.0,0.0,0.0,0.0,0.0
123,0.4533231854438782,0.27272269129753113,0.4858556389808655,0.24184517562389374,0.4121878743171692,0.2442868947982788,0.5226330757141113,0.35302501916885376,0.3537428379058838,0.36925679445266724,0.6158992648124695,0.6582250595092773,0.2663866877555847,0.7278335690498352,0.8193647265434265,0.8542394042015076,0.0,0.0,0.6182650327682495,0.602526843547821,0.0,0.0,0.0,0.0,0.0,0.0,0.0,0.0,0.0,0.0,0.0,0.0,0.0,0.0
124,0.4526715874671936,0.28408709168434143,0.4857986569404602,0.24818748235702515,0.4121541976928711,0.251981645822525,0.5237101316452026,0.35765382647514343,0.35368314385414124,0.37282612919807434,0.6082993745803833,0.660932719707489,0.26368194818496704,0.7277330160140991,0.8101293444633484,0.8639017343521118,0.0,0.0,0.611722469329834,0.624921977519989,0.3793845772743225,0.7218226790428162,0.0,0.0,0.0,0.0,0.0,0.0,0.0,0.0,0.0,0.0,0.0,0.0
125,0.4544486105442047,0.285622775554657,0.4885094165802002,0.25255322456359863,0.41257691383361816,0.253741979598999,0.5256074666976929,0.3690885603427887,0.35197076201438904,0.38144373893737793,0.6111668944358826,0.6698623895645142,0.2608422040939331,0.7312375903129578,0.8062999844551086,0.8677762746810913,0.0,0.0,0.6126804947853088,0.6597923636436462,0.299065500497818,0.8225113153457642,0.0,0.0,0.0,0.0,0.0,0.0,0.0,0.0,0.0,0.0,0.0,0.0
126,0.4547143876552582,0.3076239824295044,0.48856592178344727,0.26448380947113037,0.4128137230873108,0.26789942383766174,0.5273553133010864,0.36153358221054077,0.3553093373775482,0.37723904848098755,0.6230473518371582,0.6843569278717041,0.25970807671546936,0.741601288318634,0.8130944967269897,0.9031011462211609,0.0,0.0,0.6128325462341309,0.6772204041481018,0.0,0.0,0.0,0.0,0.0,0.0,0.0,0.0,0.0,0.0,0.0,0.0,0.0,0.0
127,0.4521515965461731,0.30893075466156006,0.48761042952537537,0.2686762511730194,0.4130636155605316,0.2713588774204254,0.52728271484375,0.36361801624298096,0.3562898337841034,0.37650078535079956,0.6166595220565796,0.665185272693634,0.2624503970146179,0.7353822588920593,0.8306465148925781,0.8959213495254517,0.0,0.0,0.6040687561035156,0.7021704912185669,0.0,0.0,0.0,0.0,0.0,0.0,0.0,0.0,0.0,0.0,0.0,0.0,0.0,0.0
128,0.4523361623287201,0.319855660200119,0.48760557174682617,0.2761593759059906,0.41404223442077637,0.27961352467536926,0.5279948711395264,0.3617362678050995,0.3585389256477356,0.37558090686798096,0.6200417280197144,0.6665558815002441,0.26468971371650696,0.7285029292106628,0.8371076583862305,0.9173641800880432,0.0,0.0,0.6033562421798706,0.7284001111984253,0.0,0.0,0.0,0.0,0.0,0.0,0.0,0.0,0.0,0.0,0.0,0.0,0.0,0.0
129,0.4515989422798157,0.33165276050567627,0.48639121651649475,0.28567737340927124,0.4138987064361572,0.28990206122398376,0.5264889001846313,0.3634035289287567,0.3589699864387512,0.37828680872917175,0.615347146987915,0.6726670265197754,0.2671125531196594,0.7343145608901978,0.8368350863456726,0.9197943210601807,0.0,0.0,0.6020816564559937,0.7451832890510559,0.0,0.0,0.0,0.0,0.0,0.0,0.0,0.0,0.0,0.0,0.0,0.0,0.0,0.0
130,0.4500616192817688,0.3498530089855194,0.48481282591819763,0.2980504333972931,0.4125785231590271,0.30342185497283936,0.5278366804122925,0.35733020305633545,0.35993707180023193,0.3738057613372803,0.6258474588394165,0.6824786067008972,0.266049325466156,0.73954176902771,0.8388251066207886,0.9081031680107117,0.0,0.0,0.6075154542922974,0.7781962752342224,0.0,0.0,0.0,0.0,0.0,0.0,0.0,0.0,0.0,0.0,0.0,0.0,0.0,0.0
131,0.44844570755958557,0.37157049775123596,0.4836287498474121,0.31198742985725403,0.4103301167488098,0.31946542859077454,0.528031587600708,0.35509052872657776,0.3565193712711334,0.3745773434638977,0.6302875280380249,0.6915175318717957,0.26435089111328125,0.7397142648696899,0.8428163528442383,0.9396724104881287,0.0,0.0,0.6104361414909363,0.7956655025482178,0.0,0.0,0.0,0.0,0.0,0.0,0.0,0.0,0.0,0.0,0.0,0.0,0.0,0.0
132,0.44649410247802734,0.3901834487915039,0.4818311631679535,0.3264515995979309,0.4085095524787903,0.3345165252685547,0.5274156928062439,0.35403260588645935,0.35460275411605835,0.37402355670928955,0.6365918517112732,0.6969344019889832,0.2625410854816437,0.7439422011375427,0.842374324798584,0.9379940032958984,0.0,0.0,0.6084088087081909,0.8204536437988281,0.0,0.0,0.0,0.0,0.0,0.0,0.0,0.0,0.0,0.0,0.0,0.0,0.0,0.0
133,0.44456642866134644,0.4081052839756012,0.48014578223228455,0.3408394753932953,0.40620893239974976,0.3475423753261566,0.5263556241989136,0.3544347286224365,0.35097065567970276,0.3717327117919922,0.6397818326950073,0.7015234231948853,0.2596755027770996,0.7493472695350647,0.8425061106681824,0.9393876194953918,0.0,0.0,0.6100091338157654,0.8363134860992432,0.0,0.0,0.0,0.0,0.0,0.0,0.0,0.0,0.0,0.0,0.0,0.0,0.0,0.0
134,0.441690057516098,0.42273959517478943,0.4773097634315491,0.35128194093704224,0.4025249481201172,0.3609471023082733,0.5253095626831055,0.35552990436553955,0.3485693633556366,0.37868934869766235,0.6376825571060181,0.7024739384651184,0.2597980499267578,0.7504886984825134,0.8276320695877075,0.9365440011024475,0.0,0.0,0.617500901222229,0.8674754500389099,0.0,0.0,0.0,0.0,0.0,0.0,0.0,0.0,0.0,0.0,0.0,0.0,0.0,0.0
135,0.4393189549446106,0.44221487641334534,0.47457510232925415,0.3655235469341278,0.3999294340610504,0.3778115510940552,0.5232394933700562,0.35653454065322876,0.34673556685447693,0.3850035071372986,0.6270307302474976,0.6955026388168335,0.26088184118270874,0.7457066178321838,0.8256012797355652,0.9390564560890198,0.0,0.0,0.6216052174568176,0.898431122303009,0.0,0.0,0.0,0.0,0.0,0.0,0.0,0.0,0.0,0.0,0.0,0.0,0.0,0.0
136,0.4352780282497406,0.4551357626914978,0.47226157784461975,0.3764117658138275,0.39704856276512146,0.384968638420105,0.5233404040336609,0.35993969440460205,0.34527602791786194,0.37961769104003906,0.6273434162139893,0.7065379023551941,0.26049935817718506,0.7539647221565247,0.8186318278312683,0.9334039092063904,0.0,0.0,0.6239274144172668,0.9280856847763062,0.0,0.0,0.0,0.0,0.0,0.0,0.0,0.0,0.0,0.0,0.0,0.0,0.0,0.0
137,0.43066611886024475,0.4622301459312439,0.47019481658935547,0.3840283155441284,0.3936986029148102,0.38679760694503784,0.521597683429718,0.37179216742515564,0.3413374423980713,0.3782379627227783,0.6244134902954102,0.706083357334137,0.2571670114994049,0.7509399056434631,0.818719208240509,0.9313485622406006,0.0,0.0,0.6355781555175781,0.9609425663948059,0.0,0.0,0.0,0.0,0.0,0.0,0.0,0.0,0.0,0.0,0.0,0.0,0.0,0.0
138,0.42618197202682495,0.4690024256706238,0.46551766991615295,0.3886832892894745,0.3892698884010315,0.39474934339523315,0.5193312764167786,0.3722913861274719,0.3395534157752991,0.3853503465652466,0.6251143217086792,0.7057655453681946,0.2555679678916931,0.7473548650741577,0.8118031620979309,0.9480283856391907,0.0,0.0,0.6507817506790161,0.9801669120788574,0.0,0.0,0.0,0.0,0.0,0.0,0.0,0.0,0.0,0.0,0.0,0.0,0.0,0.0
139,0.4243675768375397,0.4699266254901886,0.46287769079208374,0.39044418931007385,0.38627758622169495,0.3978303372859955,0.5174596309661865,0.3722606599330902,0.33678412437438965,0.389100044965744,0.6268179416656494,0.7114711999893188,0.2531668543815613,0.7540285587310791,0.8096931576728821,0.955171525478363,0.0,0.0,0.650951087474823,0.9838382005691528,0.0,0.0,0.0,0.0,0.0,0.0,0.0,0.0,0.0,0.0,0.0,0.0,0.0,0.0
140,0.42140769958496094,0.47120243310928345,0.45997342467308044,0.3907528817653656,0.3839091658592224,0.39863044023513794,0.5167480707168579,0.3729836344718933,0.3369572162628174,0.39051076769828796,0.6390921473503113,0.7258974313735962,0.24843721091747284,0.7546365261077881,0.0,0.0,0.0,0.0,0.0,0.0,0.0,0.0,0.0,0.0,0.0,0.0,0.0,0.0,0.0,0.0,0.0,0.0,0.0,0.0
141,0.41834503412246704,0.4711220860481262,0.457671582698822,0.38972580432891846,0.3815132677555084,0.39807841181755066,0.5166078805923462,0.3727184236049652,0.33568114042282104,0.39024224877357483,0.6280089616775513,0.7272144556045532,0.25127148628234863,0.7557442784309387,0.0,0.0,0.0,0.0,0.0,0.0,0.0,0.0,0.0,0.0,0.0,0.0,0.0,0.0,0.0,0.0,0.0,0.0,0.0,0.0
142,0.41608014702796936,0.4703822433948517,0.45482125878334045,0.389032781124115,0.3799123466014862,0.39855533838272095,0.514756977558136,0.3749702274799347,0.33535337448120117,0.3925718665122986,0.6202906370162964,0.7221494913101196,0.25053080916404724,0.747270405292511,0.0,0.0,0.0,0.0,0.0,0.0,0.0,0.0,0.0,0.0,0.0,0.0,0.0,0.0,0.0,0.0,0.0,0.0,0.0,0.0
143,0.41436833143234253,0.46642327308654785,0.45307987928390503,0.38511401414871216,0.37801986932754517,0.39478757977485657,0.5151040554046631,0.37462317943573,0.3329654335975647,0.3904341459274292,0.6262449622154236,0.7402569055557251,0.24169333279132843,0.758182168006897,0.0,0.0,0.0,0.0,0.0,0.0,0.0,0.0,0.0,0.0,0.0,0.0,0.0,0.0,0.0,0.0,0.0,0.0,0.0,0.0
144,0.41347748041152954,0.4645867645740509,0.45181211829185486,0.38418832421302795,0.37753385305404663,0.3932289779186249,0.5137518644332886,0.37344875931739807,0.33305296301841736,0.3878660202026367,0.6226959228515625,0.7427974939346313,0.24106648564338684,0.7576031684875488,0.0,0.0,0.0,0.0,0.0,0.0,0.0,0.0,0.0,0.0,0.0,0.0,0.0,0.0,0.0,0.0,0.0,0.0,0.0,0.0
